1,-3.86263203707458,-71.0937757359789,5.94449115857732
2,-4.99889973979081,-69.7301356438114,5.86212018358136
3,-5.32678067169833,-69.0952568116879,5.90710362239275
4,-5.5882614840687,-68.7972204618543,5.8770653538074
5,-6.55247024360671,-68.3826361515378,5.6068392122588
6,-7.34965369485418,-67.6257473245787,5.67768496705396
7,-8.08219845128671,-66.5887191845054,5.68493933337849
8,-9.40217558054432,-65.6708654051235,5.31547024406841
9,-11.0570013461957,-65.2536071017989,5.14444693458648
10,-12.5217833855508,-64.9336717269804,5.00676532742228
11,-14.1974194406888,-64.94803840754,4.78919181215728
12,-15.5991422071626,-65.2770518904249,4.27535993957089
13,-17.0209948477493,-65.5470880576697,3.82947263196616
14,-17.7355046366131,-64.8963209065886,3.90212831637043
15,-18.2725346916483,-63.8747068981321,4.35157758009698
16,-19.0359792375185,-63.1480156924177,4.86778805219908
17,-20.0661937123943,-62.4172481576408,5.54279784587959
18,-20.9982426863249,-62.8184664298812,5.25433915069714
19,-21.5293670090444,-62.8162162119375,5.22601976182367
20,-22.252635707893,-62.656935135051,5.33562026686684
21,-22.7173384430683,-62.2945632227909,5.26606218567078
22,-23.4899096961546,-62.0156926796347,5.24694734045909
23,-24.2281363104328,-62.019393942419,5.15802078848553
24,-25.4336997863644,-61.602704424531,5.26188485192413
25,-27.2282723297333,-61.0937544977064,5.57918870731582
26,-29.9945929073171,-60.556406577,5.64870319901575
27,-31.5252304051505,-60.8154060749499,5.57016316651778
28,-31.7803832653824,-60.9604537816302,5.62636098708748
29,-32.2202852941505,-61.2446933523274,5.57350219599195
30,-34.4851737940499,-60.4276160375969,6.54369235388525
31,-37.1387685254196,-60.9394256791217,7.41011510692472
32,-39.0726083459654,-62.1475757452424,7.06020604789884
33,-39.827261631594,-61.2933839153152,7.79950007606878
34,-40.3983193305025,-61.8933567834132,7.65658195501678
35,-41.2738239732703,-61.765256555265,8.30595271564592
36,-42.073534518796,-60.5713578256556,9.52884673858955
37,-43.5351178134266,-61.2456705452283,9.90191128710701
38,-44.9347411387232,-62.2083247965715,9.82097139424322
39,-46.0306434275106,-62.6350830913129,10.3259228496447
40,-46.565936397475,-62.7339192529724,10.7491166359575
41,-46.9771035328183,-63.2615045368478,11.0278558772327
42,-47.5802620601095,-63.386654118564,11.461142776401
43,-48.3429373082821,-63.8713650904223,11.8560883440325
44,-48.4394278551895,-63.4688375649569,12.405325139471
45,-48.7016645135273,-63.3573276755386,12.8548776743916
46,-48.968683563146,-62.2270761563339,14.0259165903482
47,-49.0341346359954,-61.3557229027481,15.0648868342668
48,-49.0297690098943,-60.6696983856424,15.5848399605543
49,-49.4638138278084,-61.502736544431,15.7952037870198
50,-50.3251162567911,-62.7321991793672,16.2010124270459
51,-50.7546212985798,-62.0803270107326,17.1327785528387
52,-51.31313404787,-62.8483941103784,17.6663860582365
53,-51.8035296940627,-63.7192832491697,18.2314213749292
54,-51.6939035709785,-62.5277478580777,19.1620798339083
55,-51.6148204801915,-62.1067671382378,20.1770775878486
56,-51.7522220142498,-62.3908601386094,21.1777333697681
57,-52.1526933040368,-63.1559671827982,22.3457807578779
58,-52.0703760966298,-62.6583879122775,22.6211691043142
59,-51.9767145320628,-62.7342781853985,22.567613616528
60,-52.1884273378663,-63.4044866444057,23.7165691782918
61,-52.0272104089574,-62.9912914776904,25.1644564633665
62,-51.5871718693771,-62.4985505208427,26.3860010592955
63,-50.3092100119375,-61.5909575254838,27.6355154714586
64,-49.0644759577285,-61.7788916519782,28.7679102328344
65,-48.9121871020372,-61.8451817051316,28.975066550997
66,-48.8120575985474,-62.0621840314994,29.8553983126344
67,-48.7284531836749,-62.3807717050769,30.6173775131156
68,-48.5939787392133,-62.7368626278797,31.2768591740018
69,-48.009834301272,-63.0272655444935,32.0993806453596
70,-47.4837209424491,-63.4296050886037,32.6560026384268
71,-46.4720343930842,-63.5297380192433,33.2825518091027
72,-45.342214514262,-63.2952159772394,33.9906521068319
73,-44.9265425282021,-63.5441025438473,34.6109523529546
74,-44.8368969288628,-63.6191575628603,35.1765761983202
75,-44.4891523289988,-63.3598824514554,35.2679549472985
76,-43.5869064104391,-63.2926294281071,36.0111433868148
77,-42.6236543981836,-63.3816134206232,37.1832470500756
78,-41.823890178717,-62.9085146812684,37.1758444000386
79,-40.8601639492048,-62.7983135250905,37.8499268903284
80,-40.4658658122168,-63.5969909085302,38.5378545857271
81,-40.2706821753303,-63.4088048328599,37.8936578953505
82,-39.444028388365,-63.011525508827,37.9585627595148
83,-37.9327206218379,-62.0240057310304,38.4292566969965
84,-36.8320543802912,-62.0289470927307,37.9207195760349
85,-35.6294447530938,-61.6239820001571,37.8386611762057
86,-35.2257338977153,-61.4635771636848,38.3061947318505
87,-34.8650042942163,-61.6701249421841,39.2222799215363
88,-34.2828271769505,-61.4914800047187,39.2926773740952
89,-33.2447405499035,-61.1787621733157,38.775392026401
90,-31.9818679797448,-61.3166109265776,38.9218546515194
91,-31.1590514811963,-60.9297090348264,38.1115582142169
92,-30.7906928142049,-62.021625345472,38.3163317688428
93,-30.733443885858,-61.9757381226924,38.6128395667703
94,-30.1187639797382,-61.8186680761946,38.0331001498328
95,-28.6482749863888,-61.7922839418757,39.320098735121
96,-27.2692645252357,-61.8668520697487,39.2532363485604
97,-26.79813860231,-61.5119910611095,38.2635322403445
98,-25.2983112494217,-61.5008646037594,39.0838335025427
99,-24.358462847957,-61.2722569348665,37.0724351038168
100,-23.5875943645322,-61.418608188299,37.8119911285303
101,-21.998467295042,-61.9324426945537,37.5867107381006
102,-19.9062223115799,-63.9569557149246,38.0741196820724
103,-19.4364833663648,-62.9853202977901,37.1770851355946
104,-18.3773468506431,-63.2171148954782,36.2040991510325
105,-18.0505993855228,-63.9883002087192,36.7274635234908
106,-17.8028290376509,-63.7470801486351,36.2382572062001
107,-16.4511914361911,-64.9855117655478,36.0343788550214
108,-15.4464251285118,-65.6372891478628,35.1861265892039
109,-15.129636101502,-65.3973842670307,35.0584927267976
110,-15.0641485902493,-66.4031118795742,35.9185070974846
111,-14.4660456258577,-67.3045513373212,35.3607610529913
112,-14.0165330068695,-67.8573624748784,34.0192552555767
113,-13.2009709804791,-67.9193181802297,33.0798297150204
114,-12.5424721904556,-67.7636960273351,32.8999374555564
115,-12.0216334400518,-67.7991467047398,32.0591816725491
116,-11.696210527292,-68.0502403434411,30.6500857583245
117,-11.3714383934525,-67.4849239779089,30.1761228937649
118,-11.0045607389747,-68.3956240743479,28.7528430422965
119,-10.4956695175279,-67.791384089712,26.6262203845407
120,-10.4151040690956,-68.160879543294,25.4813703170502
121,-9.99903360638322,-67.8991623865011,24.0867056880193
122,-9.91969519953627,-67.2195373541385,22.4090836571133
123,-9.7682075453125,-66.9009753125717,21.4047581279249
124,-9.51821894316888,-67.3940790396768,19.7492058711194
125,-9.0290432344478,-66.7719728681509,19.3497169911981
126,-8.62941138966823,-66.4993645724197,18.2395011755094
127,-8.69100734775358,-66.3408163338044,17.4757811229551
128,-8.47996573806301,-66.4547311609937,15.8533804326886
129,-7.47938863914399,-67.4741094710021,14.9697431450154
130,-5.95601423624836,-66.9326542193684,12.7139599735765
131,-5.50231875611627,-67.0178392444542,11.747831699169
132,-4.73736659861112,-67.7519145654655,10.8955510525985
133,-3.97970670464557,-68.0403872203031,9.54099024525107
134,-3.61630216164828,-67.7645820354367,9.0574938559592
135,-5.67479344287134,-67.7774552335137,5.58587430080455
136,-5.76196756566124,-66.5217674066227,6.17294272770723
137,-6.17407180110986,-66.7368615080209,6.03150519926191
138,-6.2142225384646,-64.052340578728,9.18357279440896
139,-8.24538297382342,-64.1664809026679,9.85242333264124
140,-8.9946009662571,-64.2938841853258,10.139896842628
141,-9.43057515562407,-64.074832801466,10.7419292949542
142,-11.5783262312269,-63.7544747228825,12.1559090329106
143,-13.1944749887175,-63.0002278869269,12.6281139482152
144,-14.0412875240802,-62.8810738282214,12.0500906277609
145,-14.5517964131757,-62.1785802424613,12.3016540557145
146,-15.3257882028848,-61.4928826788496,12.7193339714912
147,-16.3837966929442,-60.59430678675,13.0108494639673
148,-17.9350089557041,-59.6791590783985,12.4368737133985
149,-20.0286546764425,-58.745772860338,12.4045929282989
150,-21.4568330018509,-59.0531871919741,12.1555884629312
151,-22.1644091051456,-59.0978782821026,11.7993038124217
152,-22.6509777408434,-58.610473943013,12.7112182809701
153,-23.9739678260543,-58.1583141539427,13.2970084719889
154,-25.6307690729809,-58.0328820687933,13.620084008795
155,-27.1161910299342,-57.5826396941633,14.1093744074417
156,-28.7767766535055,-57.5650559431875,14.3041752165296
157,-29.7325250651433,-58.3042154888142,14.5110287325869
158,-30.0809228690853,-58.7441203269257,14.3010225147452
159,-30.4062931800835,-58.5831548545185,14.3460157262652
160,-30.6835261495603,-58.0271334605057,14.5259669346245
161,-30.6906695092187,-57.7165629872428,14.6634259703675
162,-32.5644512184237,-57.7075092601624,14.0960100037329
163,-34.1280017783515,-57.6742116473705,14.6473738657775
164,-35.6138763402316,-58.0602089871681,14.7467884713437
165,-36.7515777348085,-57.7106766663398,15.1615940664918
166,-38.2309358363041,-58.7083512618055,15.4539046513203
167,-39.4731127054481,-58.9917762121412,15.4084387375532
168,-39.9434587449188,-58.8001255951586,16.0844155947401
169,-40.8692929886861,-58.4458918215278,16.1031275054604
170,-42.1423360883555,-58.8297063181827,16.2224924982206
171,-42.9330958975193,-58.6969460482617,16.4234253589312
172,-43.687631578709,-58.517370075087,16.1676350438208
173,-44.633629859829,-58.6010727928666,16.9004935067515
174,-45.5223272151683,-59.0159828731714,16.8678338528836
175,-45.4779479454875,-58.8492523414379,17.3234996058736
176,-45.6608517880975,-59.1559705033112,17.4737335123779
177,-46.3335627733357,-59.4249771773052,17.7875734510248
178,-47.718024554566,-59.5962529267476,18.3855960215108
179,-48.0409362420888,-59.5321062287519,19.4926249204655
180,-47.7201679825718,-59.4529713976784,19.2599331747333
181,-47.7175075512896,-59.6314673217892,19.446566961994
182,-48.4466048888714,-59.5243269334149,20.025046264737
183,-49.8793089208291,-59.6160931172663,20.8032101793611
184,-50.2095010831502,-59.736843751169,21.1810890972038
185,-48.8658527782956,-59.7231597161586,22.4341738364664
186,-47.6113438074307,-59.9427041729284,23.0346803280882
187,-46.4377154804678,-59.8392159307739,22.8436640465434
188,-45.1588145656167,-59.7172336031998,22.6854448833658
189,-44.7462005888465,-59.7169523954784,22.4188933649711
190,-42.6655519626484,-59.6974989350681,22.0043759236876
191,-40.9597745335207,-59.2223427691652,22.0605035992782
192,-40.2412276135861,-59.3204642072532,21.5534899907855
193,-39.5880502904546,-59.0948166251479,21.3024069447786
194,-38.024695190717,-59.1464622730184,21.2864524817565
195,-35.1661444674388,-58.291923819802,21.3739319016261
196,-34.5334058584266,-58.3046128065953,21.1764957492346
197,-34.4479780399683,-58.146329476698,20.9746331574836
198,-34.2886773407926,-58.0716306697245,21.0614856910011
199,-33.927215324486,-58.1646707340044,21.0300397367255
200,-32.8921353057759,-58.4176720776909,21.1280211682088
201,-31.8564433503415,-57.6890540485111,21.2925136555976
202,-31.5077905246568,-57.2848140524852,21.2230061530248
203,-30.1866156824319,-57.4529707727759,20.3548348891512
204,-29.0796601866199,-57.4369855562303,20.0124979817893
205,-28.0866144960954,-58.3759852650273,20.3181806713177
206,-27.5848481879386,-58.1990427255762,19.8731840042716
207,-26.6733900058168,-57.8511162369347,19.7455466471253
208,-25.9721294615916,-57.7068746693536,19.4866486001661
209,-25.0605426349401,-57.6170117122076,19.3608138485085
210,-23.1824179841431,-58.0601119917072,18.7564858318709
211,-22.1987889423146,-58.7103030595951,18.4142480103906
212,-22.1854817991124,-58.7918960155056,18.271190332183
213,-21.4294711587083,-58.7583538635006,18.0819204901075
214,-19.0077272757012,-59.4678234924943,17.416553058458
215,-17.6192120400256,-60.3353264699412,16.7235406063325
216,-17.441657782095,-60.699005080191,16.9593637933519
217,-17.1607687783393,-60.7456313990294,16.7548463132328
218,-16.0478959057931,-61.0454912287288,16.6295509140615
219,-15.632888163902,-61.8915598473004,16.1343367425516
220,-14.4109120726779,-62.0551802389227,15.1460029879126
221,-13.8942217101675,-62.0686859573459,15.3946969711227
222,-13.0118195102232,-62.7652128033436,14.5284305374273
223,-12.2733111229114,-64.108188971178,13.7141074777402
224,-11.4230670455857,-64.7563418745347,13.4512693170492
225,-10.620357592318,-64.5244103399585,13.4789345731622
226,-9.29243922791211,-64.6028294074916,13.7520350353394
227,-8.46989196500535,-64.5468024065229,12.3943616202582
228,-8.15808004081612,-64.3535562543121,12.2998667688062
229,-8.06455407272303,-64.3583242301704,12.8865779646612
230,-7.98463456641399,-64.728850911824,13.0920604156304
231,-7.20863691032577,-64.8627622768317,12.0061527048912
232,-6.50433257070985,-65.3342282164479,11.807215724256
233,-6.08489480436794,-66.3657264273829,12.5030498264362
234,-5.63743884053719,-66.5192963402175,12.2876441627533
235,-4.60768966582102,-67.8862532198662,11.9027435782951
236,-4.95760022035893,-67.6448159198814,11.7646464601163
237,-5.56670424217168,-68.1945426566864,12.4381397311605
238,-6.13774379120419,-66.7135200134493,13.4206808568841
239,-6.44729951189913,-67.0580482642799,13.4926224134809
240,-6.82815837733645,-66.6563826962327,14.6044726712407
241,-7.80746442691402,-66.5706122549464,15.2480591948709
242,-8.35055048464268,-66.4460370529332,15.3690499034981
243,-8.45851993436956,-66.3024868003874,15.5127020537068
244,-8.96254471333729,-65.8476850203135,15.6971330842162
245,-9.46320416167488,-65.911327232454,15.275837850113
246,-9.8147598894744,-64.9674380894994,15.6799202646626
247,-10.0908958227205,-64.2915618005145,15.6546067175889
248,-10.3071641236962,-64.5682897280519,15.4407151495983
249,-10.6638913636921,-64.5929764626208,15.0385508110313
250,-11.6723821842998,-63.9595770821383,15.8633856337493
251,-11.9503950372315,-63.9500673137473,16.3570640931377
252,-12.2387457620768,-63.7401466290178,17.1947316893606
253,-13.0108589691114,-63.1555111847282,17.6786153180458
254,-13.6321513277247,-62.6633426845389,18.1726461329496
255,-14.3979634917528,-62.6882806600754,18.5958601548993
256,-15.2822677075313,-61.9637104409514,18.9279825352308
257,-16.0136298635404,-61.1248005482743,19.5858887025885
258,-17.2358664176321,-60.3950405012722,20.7406134968258
259,-17.7199165739848,-59.7641586591498,20.5573532669851
260,-18.2339582939543,-59.2986488667654,20.7221628913709
261,-20.4714233032231,-59.7462374381669,20.6008550879767
262,-21.7568895020843,-58.929460517157,21.4582079360422
263,-22.2673897762467,-58.8074543370799,21.6528977942364
264,-22.8186382297903,-59.1332184072848,21.6546072571717
265,-24.7897261955866,-58.9976339474953,22.0111616048629
266,-27.2040745688368,-58.4409038319559,22.2785141369413
267,-28.2131489062175,-57.9052184135004,22.428551629698
268,-29.1673118504691,-57.9587981825928,22.7590099155447
269,-29.8709185448451,-58.1577047548185,22.9586945274258
270,-29.8235361427995,-57.5187256651119,23.1201281458033
271,-30.8359522333277,-57.7255962505861,23.4221522625024
272,-34.2055409398831,-57.3554099344342,22.9031735444276
273,-35.2137265542973,-57.9956692383745,23.2926990959403
274,-36.3712352290864,-58.5442911458499,23.9970344324824
275,-37.5669350503611,-58.5271976929944,24.2549305320574
276,-39.2472940930685,-59.0543375727772,24.2440974892998
277,-41.2506927191777,-60.3063195463978,24.1147339709041
278,-43.5759071995631,-58.985886125784,24.9215420698068
279,-45.8896368895174,-59.1274857783792,25.1743391196406
280,-45.8789641749571,-59.2945430753829,25.4446685320305
281,-45.8649153918398,-59.7069752488493,26.2571970225661
282,-52.1239287663118,-62.2431265373218,25.9890742811209
283,-51.1088888193809,-60.8971847197639,27.158446988645
284,-51.1922463731104,-61.3751359605265,27.3631769328361
285,-50.4360053449321,-62.1750361799277,29.29267427629
286,-49.3163165355786,-61.1617196517443,30.655202866611
287,-46.5179200679197,-60.0019790132672,29.7269888820014
288,-43.3225601951935,-60.6368529146455,30.088535848846
289,-41.1906636164226,-60.5616394732528,29.3317254662146
290,-39.2085443659422,-60.4635997099069,27.9146533561614
291,-35.6028291315796,-59.132429341699,28.6707631492002
292,-33.6190483709449,-58.5167451670201,28.7432011171296
293,-32.5828649683877,-58.7499168005124,28.2959252920285
294,-31.0671590811798,-58.7743766979318,28.6249207513787
295,-29.7786096268859,-58.9064033900427,28.2161296443505
296,-28.1233717750108,-58.7334846561092,27.5011555648507
297,-25.9811924955686,-58.4315749533613,27.6323782106865
298,-24.7506509893972,-58.7460027362781,27.5766663598125
299,-23.4429790527286,-58.9943977452423,27.5380005671583
300,-21.6116343886776,-58.9448199644153,27.3487387397757
301,-19.9299719672996,-59.3404267811701,26.8451429897104
302,-18.4056752746787,-59.9157948089956,26.7467903482197
303,-17.5857636490693,-60.5191649871417,26.4066575996929
304,-16.6674348189029,-60.906154479662,25.9152188735899
305,-15.4351356661453,-62.0745178846047,26.320149742344
306,-14.3755987007716,-62.5704801344056,26.0284238784521
307,-13.6679021213937,-63.3939007029239,25.3706663290947
308,-13.1996177317187,-63.8463708147243,24.6349485497082
309,-12.8468810664846,-64.2209495651591,24.2963222168213
310,-12.4594886551195,-65.0612484579007,24.1853007799307
311,-12.2958640572012,-65.1205206490126,24.1203868336304
312,-11.5145195359084,-65.8753841274459,24.0077675752708
313,-10.4189275979468,-66.4633557647703,24.2437104184493
314,-9.83040152054039,-67.651815868563,23.8145237820901
315,-8.94841397630029,-68.601540740419,23.7021741999737
316,-8.70726984048753,-69.4189833444535,23.4897178777834
317,-8.49982605650167,-69.3362202196632,23.6736126949673
318,-8.51503234389377,-69.4200796925208,23.2635684632245
319,-8.11303469393961,-69.2567414725711,23.1525794616236
320,-8.82723654928851,-68.7391100654674,23.6926479993619
321,-9.82053499423915,-68.2449077354899,23.9495979616401
322,-10.1617591977416,-67.4014043240959,24.3496837405065
323,-10.7590840916615,-66.8143524977595,25.4999328979063
324,-11.3533287596341,-66.826556592475,26.3470600657933
325,-11.730082317515,-66.5067455942822,27.2235745083132
326,-12.1315617555373,-66.1313653712519,27.7913808744404
327,-12.906835613751,-65.3034588863416,27.9866310109776
328,-13.2488628317043,-64.9360026372598,28.0814653064285
329,-13.4676217964016,-64.7592690760014,28.6565389507495
330,-14.2537283053009,-64.1966513715369,29.2069012000505
331,-15.4718557737002,-63.3117920677673,29.6542171404936
332,-16.401618907683,-62.5572801348699,30.3928329708856
333,-17.3644420424887,-61.9993843287304,31.5557708246817
334,-19.4950824054009,-60.3245185292694,30.4435640253884
335,-20.3965534272971,-60.6561465916393,30.4628749493542
336,-20.6380431358369,-60.2959526677943,31.1751550500041
337,-21.4636272421901,-59.5493309273329,31.8307981096314
338,-24.0211791891104,-59.1550024017673,31.6035616407664
339,-26.4471210536519,-59.7101482466292,31.5197760331832
340,-27.3674060200802,-59.7715773171125,31.3342977081306
341,-28.6674581125171,-60.1150298536223,31.0206022234628
342,-30.5225247409435,-60.1451180255152,30.784120739662
343,-31.8847915222933,-60.0210809786635,31.0529050228009
344,-33.2332151143152,-60.3139268370976,31.2196250647611
345,-35.0011618847021,-60.7421460296714,31.1749821373917
346,-36.3395748833386,-60.9456747156383,31.7013160866269
347,-37.8445456227892,-61.3357807942812,31.879587861688
348,-40.1961999509091,-61.7213131362086,31.3306005277943
349,-41.3710409612355,-61.7431599018902,30.8940555629913
350,-41.9973943238734,-61.7471056278699,31.1505045517538
351,-42.6139851629243,-61.4391281050637,31.404011879076
352,-43.9479060139237,-62.068252326855,31.2473026475696
353,-44.6186576890918,-61.9388530302343,32.0680633867964
354,-44.5945523606078,-62.395554222255,32.3671339770431
355,-43.4495831864655,-62.360138841629,33.36146336531
356,-42.5725908814038,-62.6259972592563,33.8491151156344
357,-38.1244494436178,-61.03250127261,35.098076886924
358,-34.3103630122763,-61.1076971916644,33.9355377610155
359,-30.772717266041,-60.5747196152486,34.3723436545662
360,-28.2432987115841,-59.8736689610159,33.0355294102183
361,-25.6130356206904,-59.7434660045136,33.2366890063713
362,-23.0412385239709,-60.1014290399508,33.2879293847816
363,-20.8269282913506,-60.907559096994,33.8886692666851
364,-19.6438931471269,-60.935498982984,32.7445329714229
365,-18.7666366010616,-61.5305432293693,32.5937206435948
366,-17.4030851817267,-62.1337682089194,32.679446677098
367,-15.5202113963972,-63.6620742967395,31.5467190846854
368,-14.0740558576608,-65.7883554591872,31.2687449277698
369,-13.6423907488097,-65.2199296930827,31.3432928654763
370,-13.5504525154195,-65.4298152245702,31.5232803601499
371,-13.4292202193295,-66.1379749368178,30.4327703882256
372,-13.159684043344,-66.3646630486715,29.6923903309627
373,-12.4469045376012,-67.336366692352,30.4953469181482
374,-11.1516192752393,-69.3300653367942,31.4013320271428
375,-11.3344236497682,-69.5808741725699,31.1233439118533
376,-11.5640793613369,-68.6544920727828,31.2313961275461
377,-12.0918989657932,-68.2131038560655,31.7162499585455
378,-12.6625008859667,-68.0268496021249,31.7932113799984
379,-13.3836722531136,-66.5432451209462,32.8232265205086
380,-14.7881937611468,-64.9516426287182,33.5526269880257
381,-15.901667682496,-63.7320051591851,33.2679105907439
382,-16.8385221787034,-63.0440173383297,33.0819595421527
383,-17.7206066215442,-62.4871808039709,33.7546116834657
384,-19.4104828318431,-61.8778522551185,34.8988753145867
385,-21.670417057754,-60.8001685389517,35.0659093330918
386,-23.5167728511707,-61.0587409670631,34.4607559236982
387,-24.2527790881835,-60.9432094956018,34.4102823447277
388,-25.5748730384789,-59.8590680333439,35.2130944985198
389,-29.2419660862274,-59.893271058333,34.8495523634637
390,-32.4723609945649,-60.9373750347224,34.3337078911962
391,-35.6462239648087,-61.1086269316619,35.2846394830539
392,-38.2605799414155,-62.0261814646404,37.5863431697563
393,-33.5355099916956,-60.762100510913,37.8669062347876
394,-30.1650526636843,-60.9537609362003,38.7580780077237
395,-29.8145424211683,-61.2040640265974,38.569952808996
396,-29.7204155564416,-60.6437649548466,38.2262881119875
397,-29.7414264450793,-60.4197799510098,38.4509862304214
398,-33.1271654854048,-57.0455565201829,37.1741096978329
399,-32.084278317201,-55.670584807231,37.0607972158784
400,-24.8743622869218,-60.2956872655644,37.5069008183468
401,-21.7716713974046,-61.6016119895906,39.2211871538496
402,-20.4147888183075,-61.5515981376783,38.7953126561355
403,-19.0969545262462,-64.8507246631652,38.0447205424274
404,-17.9754990032151,-63.5000200562371,38.168553805322
405,-17.5492088773559,-63.051064378041,37.7270611707154
406,-16.2579524354709,-63.2082067662735,36.3297552554055
407,-15.2949010358848,-65.4531014652538,36.0807856746212
408,-14.9831477667564,-64.7753928073625,35.2772799625935
409,-14.9330830189349,-64.8084809979949,34.586412008191
410,-15.1164595679822,-64.5969682610352,34.47947511772
411,-14.840489616314,-65.4616822331862,35.3191842971094
412,-15.1719129005202,-64.9137494172715,35.7874026840801
413,-15.3055589322184,-64.6325380163712,36.3352701724461
414,-15.3275942981375,-64.6389879447213,36.1901053286289
415,-14.990153866952,-65.3033732712781,35.3596680340657
416,-14.6609988771453,-65.2130072000064,35.2919111562747
417,-14.3645149329336,-64.6586157549249,34.1435001784613
418,-13.040765827947,-64.9742616759689,32.9081229333607
419,-12.3446435391698,-65.7321318073771,31.6498913280239
420,-11.8994206556841,-65.6540581397984,29.8139500231984
421,-11.8043613833264,-65.9228277605598,28.55358264599
422,-11.9909546691332,-65.3205604886988,27.5810819401983
423,-11.9108596598215,-65.6522872643531,26.4621800071245
424,-10.796565344161,-65.9285244859918,25.4469746649972
425,-10.0410361829683,-66.2737659813161,24.2867660085694
426,-9.18632596064583,-67.0835541552932,22.7408637892786
427,-8.41216728286727,-67.1499644072226,21.0556730592184
428,-8.17349386143513,-67.383571448279,20.1590892639179
429,-7.65437436190832,-67.172580347923,18.928765030827
430,-6.83052628981147,-67.7023210320921,16.9245822855201
431,-6.68780208020569,-66.9143206229097,15.3909637141865
432,-7.63803568208348,-65.5963674448151,13.3590536030663
433,-8.62540935404419,-63.308431875293,9.28644363666747
434,-10.2821313922411,-63.2501218026308,8.54336056064867
435,-10.6902950930558,-63.1619753190278,8.37682927332219
436,-13.1332823676218,-62.399460781329,8.20539639580095
437,-13.9990805723831,-61.8119538101142,8.2748951718169
438,-14.7224452633408,-61.6151114422088,8.49168305408886
439,-13.6384738544317,-62.449081551113,13.6753973837259
440,-13.7649641255558,-62.97280014764,15.8189268984778
441,-13.7991778446708,-63.5795800392032,18.4357278125628
442,-14.1190876084843,-63.6171176212559,19.852678152862
443,-14.1396876117072,-63.5277143632857,22.0576001287136
444,-14.4249138137661,-63.4340330958169,23.3959458789319
445,-14.404624902173,-63.6419399076268,25.4177426412069
446,-14.3226367862774,-63.7155318053328,27.3029643956882
447,-13.9967985977923,-63.7281128893711,29.3620101827911
448,-13.7196919976819,-64.6573589178966,31.7254429707775
449,-14.1548219052443,-64.7632500178842,32.6848433194773
450,-14.6106328534358,-65.2718632142406,33.2974192799043
451,-14.5441589584472,-65.2961788408267,34.3051839493089
452,-14.7152968284023,-65.8870532313533,34.9925555513242
453,-14.7812603698948,-65.9414100245362,35.5367927175437
454,-14.8336431500798,-65.2225646372147,35.7111993568015
455,-15.1691871643969,-65.5332498223352,36.1920164367758
456,-15.5378767437296,-65.7225779918455,36.241238983688
457,-15.8919122608478,-65.2353510415804,35.3984643017395
458,-16.4143617269559,-63.7062255595469,33.7220915658148
459,-16.403833835977,-63.3578136275127,32.7295703491414
460,-16.2842303841025,-61.9925992973846,31.9508618502141
461,-16.9662386006145,-61.7865139301896,29.7154665706365
462,-17.9135295381717,-60.372748945474,27.5865438282636
463,-18.9129290391521,-60.060723657299,25.6729241905962
464,-19.1398715733542,-60.7369843902566,23.6818275097194
465,-19.0300391156768,-60.4372246455711,22.0412542608661
466,-19.4602921528438,-59.2036621294997,20.0953590486248
467,-19.2199480098431,-59.0623198007924,18.0672673031265
468,-18.7924320589008,-60.0855915014594,16.5006325374499
469,-18.3143639797957,-59.672657397373,15.9467945056865
470,-18.2307589684421,-59.5534527068366,14.1446292477468
471,-18.2755190405977,-59.4691247217803,11.6856490826537
472,-18.7506406850928,-59.3984672475207,9.4083337741677
473,-19.5408809293464,-59.4870744389379,8.54025044232196
474,-20.327163106936,-60.2899326472148,7.38228781808693
475,-20.2519148794082,-58.8822896287167,8.57584478908892
476,-21.6610408775985,-60.8591472581332,6.37146463560314
477,-21.7984981950733,-60.8522735547187,6.64415170036053
478,-21.7684559870008,-60.3039101859675,6.75988948849067
479,-21.8011388134906,-59.3602107591888,8.16817287924592
480,-21.8579186556951,-58.6837807555779,9.3715505039843
481,-21.9653701878073,-58.2958212146606,12.385126083151
482,-21.2063820998214,-57.6842389201793,15.6747001755004
483,-21.3840588046597,-58.7908498601603,16.5885079651469
484,-21.5088023114471,-59.1075544521249,18.9664348378944
485,-21.0211183374732,-58.8789530723502,20.3151025500053
486,-21.0888213813476,-58.9607253714603,22.0939023455525
487,-21.5395019403736,-59.0337917864733,22.5389286650123
488,-21.9943878793649,-59.3678793767404,23.9495896094843
489,-21.3102894409365,-59.9140845257212,26.9768272265224
490,-21.2057191829158,-59.8926213835977,27.9340649341657
491,-21.3572198345364,-60.1546162651141,29.7694138596463
492,-21.526265963909,-60.5190203350027,32.7555034996184
493,-21.8786655191796,-60.5915501861383,33.9915673131218
494,-21.6356048514697,-60.9270132209255,34.9891073484996
495,-21.2922994874707,-60.339613475588,36.510455851968
496,-21.5781757197993,-60.4765745272148,37.5601778827471
497,-21.5179641699441,-60.3553273687346,38.5486480344423
498,-22.2879235188815,-62.7467341865562,40.0269043488327
499,-22.4386243377061,-62.3318433682682,40.0754333378621
500,-22.1878581115775,-61.9487991939494,40.0851025690781
501,-22.4373253358277,-60.8161636711502,39.7654082693917
502,-23.9190244506883,-59.4292887096688,37.4308527213249
503,-24.6560713440342,-59.2867864728518,35.7494681565286
504,-25.095408612408,-58.7281014274767,32.7162104639745
505,-25.3300926834272,-58.367509849232,30.4336031658011
506,-25.3020164430519,-58.1101845307197,28.2713833780496
507,-25.9511245948664,-58.1398291142163,26.2371076002216
508,-27.3324757728921,-58.4995748591789,24.0958115620779
509,-27.3038241763434,-58.9054096508941,23.8546119693746
510,-27.1779952698971,-59.3231948533282,22.8386778508461
511,-27.1762082968679,-58.8627754359987,22.2379191144507
512,-27.2658114123514,-59.1656031702268,23.3823257765286
513,-27.6641146323173,-59.4270401592674,23.5398227759143
514,-27.6493122705492,-59.1724836514134,23.5896415315519
515,-27.7177072242214,-58.8200490973673,23.0677103122378
516,-28.0353680464954,-59.188467276675,22.9931473703585
517,-27.5604140544137,-58.5297078490818,23.2375949213473
518,-27.3476200814207,-57.4895815331576,22.7333558570291
519,-27.3944646243574,-57.6029513152071,21.706685311745
520,-27.4151279751154,-57.5456630615914,21.8657169771005
521,-27.8010886654441,-58.0296576063882,21.615150620646
522,-28.027661581585,-58.0395104390527,21.5521613842289
523,-28.6425077792933,-58.3780754331189,20.835267157029
524,-28.7594959975447,-57.8729051803771,20.8801783794964
525,-28.7104744676901,-57.6928695393571,20.6883865723077
526,-28.7200868787402,-57.5658921430321,20.7269138543109
527,-28.9970203853124,-57.8965378296535,20.5094715046379
528,-29.1903694341996,-58.5253193189318,20.2650333704258
529,-29.1936286469683,-57.9075079758924,19.9515067181039
530,-29.1427617911875,-57.8949986327288,20.0190054290847
531,-29.2805726919946,-57.4779197848099,20.5463130540828
532,-29.0732150765292,-57.3641499366622,20.176368102779
533,-29.121842814359,-57.7009853094194,19.2783832553361
534,-29.1843536480454,-57.7308599801525,19.1665803494736
535,-29.1209345885382,-57.5560204247984,19.117497003785
536,-28.9629818670361,-57.1850746345841,19.0660165806066
537,-29.2462483203849,-57.732696984232,17.5764970858473
538,-29.0889488029607,-57.5423809207245,17.4063891938054
539,-28.8631950803223,-57.7511695528296,15.9030789232323
540,-28.4594556606698,-58.0408780478579,14.8406462236957
541,-28.2499048792347,-58.1178480382821,14.5132869434937
542,-28.2035215640046,-58.1094046198741,12.9448875950142
543,-28.8791749192463,-58.1799139458808,10.9426341004822
544,-30.0753340030748,-58.8916922870773,9.03961763167494
545,-30.1397145023388,-59.2575090346661,8.65369904915523
546,-30.1427731159562,-59.2953076793476,8.06892407261636
547,-30.0337187209038,-58.8319862483547,8.09791538129906
548,-30.6486367289107,-60.1070235285352,6.73239210267907
549,-30.8529874338753,-59.5115909920881,6.33603188081612
550,-31.4469646870362,-59.9029935079505,6.37469871997487
551,-31.5841973678722,-60.1917446270504,6.54200101299216
552,-31.6697477854075,-60.3354728197356,6.55310689209224
553,-31.7054254393395,-60.4371666210154,6.08771957124737
554,-33.012553161436,-59.9140134342752,7.18322360628605
555,-33.4759425286644,-59.1542667794719,8.97091884412957
556,-33.3840788193762,-58.6296268433341,9.29187673110619
557,-33.0083637791412,-58.3705624449427,12.5133855561631
558,-33.1172994975753,-57.7513740974297,14.0689039798112
559,-33.555148785798,-57.4886159222345,16.5457657451064
560,-33.5919023022708,-57.3075095964885,18.7325322592003
561,-33.3025574774014,-57.6977812745629,20.7009242443456
562,-32.7769636834888,-57.8787533573348,22.3265624299693
563,-32.4778832441644,-58.1235911499355,24.1451070577838
564,-31.9911410549235,-58.2499020428214,25.9987862206961
565,-32.5388639317011,-58.6691067633889,26.8803571703184
566,-32.5229524349504,-58.9325380942325,28.609070626641
567,-32.7488508290006,-59.6931249205324,30.1899179574676
568,-32.8502451632821,-60.6457144293352,31.2354769475144
569,-32.2463877742488,-60.7678304665424,32.4608517740775
570,-31.7911045515672,-60.7987238811022,34.1635148712938
571,-31.9162355106097,-60.9078279810045,35.0291582270789
572,-31.8643150010991,-60.978856563247,35.8965445275934
573,-31.9004050434186,-61.8142106112902,36.4681929897195
574,-31.6454001727297,-61.2545070282862,37.5812084611047
575,-32.0557614219777,-61.4995409517438,38.1462413292091
576,-32.0535869966935,-61.2467220264766,39.057766109776
577,-32.3118742033003,-61.2689757482348,39.2743129220667
578,-32.5865936802235,-61.3803635158327,39.4353160465482
579,-33.0648167086623,-61.4147570327251,39.5383689889539
580,-34.0626172826796,-61.965906551107,40.3687476905537
581,-35.0231866391487,-62.5563325745274,40.455371730966
582,-35.1047062732297,-62.0473898694417,40.3721121871291
583,-35.0776903285179,-61.9008105953539,40.1631033754271
584,-35.43849279313,-61.7271659891453,39.9731842974147
585,-36.0482970375099,-61.1187152576056,38.2517817293679
586,-35.9407872968235,-60.8006017713689,37.0199353858919
587,-36.3498025413974,-60.5671113025537,35.0270762148685
588,-36.8453328170717,-60.6183136262695,32.7803172453126
589,-36.4954317918051,-60.5588872039843,31.1663354447761
590,-36.3736705537031,-60.3044334123972,29.4185005096939
591,-36.8705799486521,-59.1214704648686,26.1692266307785
592,-36.8200910237018,-59.0513984068095,24.2144530730698
593,-36.9426794737584,-58.5062138933694,21.8887176125003
594,-37.0398117460131,-58.9074733570851,19.9814278422869
595,-37.3519225366259,-57.7762600645478,17.9091717933503
596,-38.4141344571912,-57.4609988879065,15.076343895335
597,-39.0475268824558,-57.7650801017276,13.195161696399
598,-39.2069397527923,-57.5448119201397,11.9544485165358
599,-39.6780507210151,-58.4293595741368,10.2852188833983
600,-39.8596176260423,-59.4488770445079,9.57689879782941
601,-40.011124633126,-59.4600207961432,9.49017255401899
602,-40.0886472005059,-59.9858565331715,8.88603119935884
603,-40.2540844719297,-59.9795602846797,8.80064461020721
604,-40.4573665606149,-60.1481782640997,8.80730590696707
605,-40.4107938228005,-60.0287043614328,9.15451893706969
606,-40.5235278296143,-59.740420871456,9.60383354081705
607,-40.5608668280129,-59.0330830773265,10.6816453995685
608,-41.0522110608885,-58.817497826063,10.9023353728864
609,-41.6302325283062,-58.8384892238747,11.2114481414334
610,-42.4083698342643,-58.3243425031759,12.699619966841
611,-42.9221606127909,-58.2749345890043,13.2080273033556
612,-42.237772385052,-58.0729243540096,15.0074724247718
613,-41.1252857404121,-57.8929027438312,17.2898752735661
614,-41.4898687956863,-57.7409785902773,18.7616760997239
615,-41.6615690087245,-58.0269119208331,21.2211394512838
616,-40.8607313283348,-59.2861308747534,24.2940254591068
617,-39.20692095718,-59.0441522997003,26.9199831001678
618,-38.8506349798563,-59.2956697447965,27.778120200434
619,-39.5377805217847,-60.0137242833839,30.8764791918385
620,-39.9341985014492,-60.4835913121221,32.8712166794344
621,-39.9914899058052,-60.3024217267638,33.1267460445059
622,-40.1602052806775,-60.8630832683418,35.0881979958034
623,-39.7565669842483,-60.5920983946547,36.1308592691325
624,-39.9376011612808,-60.5628744796723,36.5552088522939
625,-39.8581691717891,-61.2195023594749,38.2407742665155
626,-40.2885848645562,-61.7096348064014,38.2796661253309
627,-41.1968459649424,-62.2843807495182,38.3328539187883
628,-41.629049085072,-61.8935711358367,37.7831552186717
629,-42.0343942314625,-62.4124737559274,38.0840465573878
630,-43.4316175883445,-62.9874842760016,38.3561314913831
631,-44.1210403574627,-62.3285838410187,37.538728614831
632,-44.1287669317303,-61.9722441202774,36.8503519266235
633,-42.8991493704264,-60.5532459289221,36.3140814968732
634,-42.1586038251398,-60.6540262892078,34.2042865115813
635,-42.3049414508676,-60.3993247396512,31.4569404379273
636,-42.6990875180128,-59.634866196408,28.9766880180302
637,-42.7600401034554,-59.1383077183215,26.7305549096134
638,-42.5274684867036,-58.5070394778514,24.8871582834714
639,-42.4002828376563,-58.1732311722611,22.4612574685734
640,-42.3300800551223,-57.5044226062791,20.4562220841023
641,-42.5783532002183,-57.1930625933505,18.4492804886607
642,-43.1345610745581,-56.954649097089,16.7279173457361
643,-43.87717871325,-57.0934481927643,15.2169400016385
644,-44.6180146678682,-57.7261977452589,14.3324689296458
645,-45.1735052419442,-58.3220918412653,13.5518667969768
646,-45.4851251819153,-58.590460575514,13.4319868939712
647,-46.1826944699605,-58.782788319797,13.907389189291
648,-46.6688164018613,-58.5496546143363,14.4764535769564
649,-47.5240000927898,-58.9861039123823,15.296620200114
650,-48.0141284684936,-58.9021727299807,15.9748751692041
651,-47.9914908451159,-59.2415676034427,15.9258982335175
652,-47.4079918971396,-57.7611906416744,16.4562877460398
653,-45.6275248111028,-58.2988432099688,19.575737205803
654,-45.7687335506378,-58.4768368716989,19.6781011315705
655,-45.8295766765478,-59.7174202128254,22.2072418858451
656,-45.6655842735516,-59.9711837606767,24.9766657479398
657,-43.7256845121602,-59.2647116940368,28.78541568327
658,-43.251489842018,-58.8859493439752,29.8304886823297
659,-43.6714970612284,-59.2139532591475,30.7781740316875
660,-44.5156769809324,-59.8702341163811,30.6929939845712
661,-44.8560216807292,-59.9091544407107,31.6915181799316
662,-44.9988606309763,-60.0652088499319,31.9391955675166
663,-44.8435761991921,-60.133157998356,32.7962658281751
664,-44.6951861507761,-59.6826931213195,33.7002355113242
665,-44.9774087739836,-60.307298828712,33.6716307518151
666,-45.3294873983425,-60.5695315838754,34.5440840223603
667,-46.3325244872335,-61.5047692893225,34.1991976114193
668,-46.8814255819708,-61.2019355168612,33.6559669334757
669,-47.4177988126331,-61.2402399069214,32.9813290403751
670,-47.5185999587224,-60.6168253339157,32.7002705253501
671,-47.6456503291532,-60.8635872560678,30.1128077097112
672,-47.6422715411213,-59.817613246982,29.2956612419537
673,-48.0339272388621,-59.8009253471429,28.4395496741766
674,-48.6498169645477,-59.9190237739591,26.1107023177372
675,-48.2031180496684,-57.8707063459423,26.409294931337
676,-48.3349136243261,-58.2801533205949,25.2185463422356
677,-48.8150811524551,-57.90862071112,23.077424723834
678,-49.0891818985507,-58.328949823464,21.8922280279545
679,-48.6965381619319,-57.9808284321585,21.2192179433772
680,-47.7930431372987,-57.8279393540347,19.9648169029621
681,-46.9696998118853,-57.4828064249866,19.5544642604265
682,-47.0948865543444,-57.3009438211028,19.6921388990494
683,-47.0778025986162,-57.5977701509804,18.359434355226
684,-46.4729961707418,-57.0345494717886,18.2866900478685
685,-46.7873546999103,-57.9608693832629,17.6715398073337
686,-46.5817981135319,-57.1965567334675,17.8461044813684
687,-46.6348032662042,-57.5889166252583,16.6550363279733
688,-45.5790558164362,-57.5187691864333,15.9708746615576
689,-45.0210441935346,-57.1163765987938,15.7883826332404
690,-44.9018446729557,-58.5428118729575,15.2191947603881
691,-43.3419914146604,-58.2845149147643,14.6402807571452
692,-40.918035769321,-58.2942644038293,14.0702398682582
693,-37.9114021824911,-57.903177652928,13.3705193488387
694,-33.9835874943173,-56.8186801583558,13.0732991172451
695,-28.4728415682901,-55.9695260279034,12.1453303669905
696,-23.7228805190196,-56.3366449867034,11.4516410769408
697,-20.1990501600069,-57.6013662073584,9.99198015733057
698,-16.7265236813063,-57.2968619628697,9.06832344303187
699,-15.5021831514041,-59.6211872201404,8.9127284913012
700,-14.6417301488585,-60.3551707178455,8.45513698227614
701,-13.908489108011,-61.1516595203393,7.71239613383773
702,-13.6044017929366,-61.2260190777978,7.36368191955945
703,-13.5820847983067,-61.2322278377266,7.52727713284179
704,-13.4909249375521,-61.2712089473089,7.26579990859827
705,-13.3631430686521,-61.1905629943505,7.09677909180106
706,-13.2714737687397,-61.5878402071149,6.57835121470678
707,-13.2946359516657,-61.6871385918549,6.5105032870185
708,-13.3848668807613,-62.5706967919014,6.17631247562707
709,-13.4999109093333,-62.4641099299292,6.35436898244878
710,-13.4522142261563,-62.058291768978,6.64322295300888
711,-16.4439610900093,-60.124381353127,8.28308625830879
712,-18.2198685770339,-60.0522501154845,12.689575507084
713,-18.9009195705652,-58.8524317949453,14.6960412398264
714,-19.4503925298104,-58.0946191853463,16.4348910631546
715,-22.1713834302006,-57.7669418110319,18.6602539577262
716,-24.0153433355026,-58.0183075440015,19.0312368077352
717,-25.2562920987286,-57.4429013999204,19.8360692625523
718,-28.0381751086707,-56.3930547412706,21.8801472157897
719,-29.7751044773344,-57.336378801341,22.5935315098048
720,-30.1225896651452,-57.2582244543021,23.7105568843217
721,-31.0177510212551,-58.9307392872842,25.8743923022352
722,-33.5074519190648,-59.1709462291385,27.223278086753
723,-35.5680811714754,-59.8726646016466,29.263253706522
724,-36.9191645826049,-59.8508740620622,31.2033308436855
725,-38.0420215915628,-61.2456531479716,32.7583825087674
726,-38.1251115647928,-60.776126803139,35.1873613818092
727,-39.6167343401743,-60.8582799510176,36.3474102667357
728,-41.3045525344907,-61.559104476309,37.1018078774848
729,-41.9116779012201,-61.8670175873278,37.1112060516653
730,-41.7658642385595,-62.1226200309726,37.1775828035235
731,-41.8830835989073,-62.6993017227838,36.8972297117461
732,-42.3228326434943,-62.7381364502644,36.8609986846269
733,-42.0381979609671,-62.2129038001695,36.8647200566707
734,-42.8410319784647,-61.8063347671231,36.2121407625256
735,-45.2643578607325,-61.5381483524441,34.1708011093783
736,-46.668001089409,-61.1012505437552,31.5786582284614
737,-46.7276143121111,-60.3204516432264,29.5277316464999
738,-47.5580804435141,-59.9376736058183,28.3003738513779
739,-48.9201603874534,-59.0639751731019,25.8285546348113
740,-50.7173586159016,-60.2533438451873,21.0565566890304
741,-50.2357028368443,-60.1740163349244,19.5084886895223
742,-49.3323535422841,-59.9361076562789,17.4443522020118
743,-48.6407937006233,-60.48743849045,15.4653427560503
744,-47.3351001247209,-60.683337970592,13.6776659958281
745,-46.1004634445923,-61.065723020104,11.9366161989774
746,-45.7044252008948,-61.5500184786058,11.0879044770699
747,-45.7075566756253,-61.620720295578,11.2292956122045
748,-45.8655810495851,-61.4506364200614,11.4027885710993
749,-44.2202003390628,-59.6514707991311,13.2264992118906
750,-40.8425842288386,-59.2132291267917,14.2029490713202
751,-38.077427345305,-58.6693415571989,15.6465529267009
752,-37.1230367270826,-57.778206405773,18.2244612701066
753,-35.0518813809829,-57.8906272484692,20.6223301384845
754,-32.1587166310854,-58.4726303978538,22.5277625186877
755,-28.7463785633974,-58.510663720258,23.4966820575809
756,-27.4974729902992,-58.7910072690435,24.158605787184
757,-25.9604277194233,-58.9060733661869,25.2172141784761
758,-25.1985792131785,-59.2647374574451,26.4621828514053
759,-24.1766172250968,-59.3177726253645,26.5078050632251
760,-22.6559947031125,-59.6720105455145,27.0008810149807
761,-21.0316066005473,-59.7134038459372,27.5607474715936
762,-18.3480612685754,-61.2049218834009,28.9749138300031
763,-16.8512969117681,-61.7555143163649,29.9845899421951
764,-16.2866135769843,-62.1998563620822,30.2947405885087
765,-14.6420390682392,-63.6382460052602,30.2908744281978
766,-13.9737700461874,-64.181637637779,30.5042821195018
767,-12.9954747121505,-65.9031143848379,31.960187809109
768,-12.3176470973123,-66.9064621403061,31.841256826629
769,-12.1164295300672,-66.8051678538096,31.793812464256
770,-11.5829155225266,-68.0342049341735,32.2165806325577
771,-11.151913599183,-69.1173562789595,32.0628866599806
772,-10.3176101872098,-69.3389309389827,31.9033780861269
773,-10.4674095878351,-70.3000352126465,31.5114101316095
774,-10.5601661003895,-70.0291674625157,31.5740756184203
775,-10.9189430379272,-66.505325098841,31.0861960222748
776,-11.3256381271439,-66.1040353052804,30.8145970789138
777,-11.8623079569132,-65.2983424714976,28.2563272168166
778,-12.0898004411294,-66.0131957235456,27.5083756771708
779,-12.3842313583252,-65.5754543230232,26.5113334765008
780,-11.7934533098938,-65.8107888741201,25.3423172885131
781,-11.0954037591393,-65.6627843754263,24.1799397130602
782,-10.2694879917942,-66.175213959061,22.0465437827906
783,-9.72838120132334,-66.6777432607681,20.6296572885632
784,-9.22240120043201,-66.9637501612515,19.3131908207346
785,-8.66189256619231,-67.1148442471856,18.0017410789542
786,-8.37988279872898,-66.6742877702477,15.6467931194259
787,-7.77402363146307,-66.4742286998751,14.5649839131274
788,-7.35288989740967,-66.1968595378183,13.6910200416298
789,-6.34822819677252,-66.2305882234313,13.0068287228005
790,-6.0783465923829,-64.6660089127556,12.6883048682036
791,-6.65229344735882,-65.0214721252526,10.825181493732
792,-6.27434760978875,-64.2119371961632,10.8599716876546
793,-5.31300956779652,-64.9690538242233,8.69209186030773
794,-5.2978536226961,-65.1247024608737,8.48729005570467
795,-5.28035757289747,-64.9821776985962,8.53065579334198
796,-5.4886557644403,-64.876926981383,8.80145861949012
797,-6.64905948290836,-63.4600288871289,8.74518439691126
798,-7.71283856881443,-63.2341966631296,8.25459866519889
799,-8.32499138065602,-63.8282766122777,7.68228981398786
800,-8.11539887186237,-63.0852510875108,8.02665013989118
801,-8.27721366791949,-62.7795071518844,8.26082247823005
802,-9.47565720950583,-62.8972327985581,10.0213548359127
803,-11.4816350794966,-61.8502655967806,10.7656778110748
804,-12.6957373555608,-61.4105884788943,12.4969317310706
805,-14.0983370484131,-61.3449831825584,13.7788096498355
806,-16.138711410323,-60.9723683318755,14.7332902653598
807,-17.9072817483345,-60.2742049473983,15.6196476895566
808,-19.4911931666303,-59.786280011674,16.6843333894744
809,-21.6913416828037,-57.9230807458026,18.5185474436103
810,-23.9168054970213,-57.1925365651773,18.6365302174287
811,-24.2241889154258,-58.1378024121755,18.4151976420746
812,-24.0909718976536,-57.7047328294623,18.7160362882199
813,-24.2972208324698,-56.9951290383701,19.5755266448813
814,-25.3831052737638,-57.0021457169059,19.6469843244386
815,-28.2492422823615,-57.0548892366086,19.5677409826407
816,-30.3063299389706,-56.4717833244758,20.1461707529122
817,-31.675944615107,-57.0960215951074,20.5250938474288
818,-32.2631810734084,-58.5382093986577,20.8023102880991
819,-32.9345830810102,-58.7829356306381,21.4854857018759
820,-33.5310142651721,-58.5609418620542,21.7989963035204
821,-35.1618680314968,-59.0097246743928,22.8504291993184
822,-37.2295857744876,-59.9714629608372,23.9468800835178
823,-39.181231535653,-60.7158825599505,24.9141027785818
824,-39.5877022825481,-60.9045267435126,26.9502251279125
825,-40.2613617022996,-61.5719037148948,28.2601074125014
826,-41.4758742516043,-60.8615043772342,29.9711283575435
827,-42.0913496080563,-61.1715398779035,31.5635378843993
828,-42.0305991404309,-61.579078470693,32.574043616537
829,-41.8529910642365,-61.6097783543184,33.1036781953372
830,-41.8824615442772,-61.4299277629706,33.8896075575035
831,-42.0263911831384,-61.8058622519419,34.00255719937
832,-41.9125427523867,-61.6577637064675,34.0048722878073
833,-42.0116068134053,-62.1547993035778,33.6975582953685
834,-42.0917996356559,-62.4955845488339,33.567810299164
835,-41.9407780302424,-61.7661595288099,34.0773507483021
836,-42.3862505021926,-62.1882172224939,34.0438607839161
837,-42.4813115953803,-62.6295209136618,33.9483908546175
838,-42.1058145498504,-61.8805477229255,34.5221858858314
839,-41.9605100241837,-61.6343708538828,34.6944748965512
840,-41.918848177857,-61.572110532274,34.8396917210754
