1,-14.5258298347786,-32.6903862139504,-71.2424067373078
2,-14.7519686802131,-32.8149654320062,-71.1165449023255
3,-14.6461692254552,-32.7409902849447,-71.2083824777885
4,-15.1761301075614,-33.1020417354227,-70.6865751102047
5,-16.131725301671,-33.7139711675205,-69.5450942683352
6,-16.9783246274607,-34.3531002670905,-68.4523993768517
7,-19.4891659537793,-36.22712136636,-63.3115538414698
8,-20.4125564194991,-37.4120497720129,-60.2044353622703
9,-21.3005225124288,-38.0073068757113,-56.4388846696429
10,-21.258020457609,-37.9877106083257,-56.4122470935509
11,-21.3015631930552,-37.9580399855029,-56.480976110378
12,-21.175521868393,-37.9785644012984,-56.4154603430935
13,-17.8185599776776,-36.4222335894893,-57.8223482313761
14,-13.7279288927189,-33.8910719598083,-61.0832131863696
15,-12.9856011926715,-33.4080401182014,-62.465323078078
16,-12.7424062024327,-33.333671805026,-63.260951737967
17,-11.2617449452689,-30.9913226387844,-68.9946687378205
18,-11.5451576923736,-31.2557465735241,-70.3638859700143
19,-16.2565665138792,-33.7063480863073,-70.5190325317182
20,-18.734440889752,-35.2767319158728,-68.3045516262325
21,-21.0121635578844,-36.8856988823352,-62.897244081995
22,-21.3304568548868,-38.1628415137973,-58.7393865079891
23,-22.4378412495651,-39.154248240938,-54.2347008098148
24,-24.2604267345981,-41.5431693314091,-48.4805192417653
25,-25.1327778538564,-43.4622078973394,-44.0363235364237
26,-25.6587687276058,-44.8530102115984,-39.9327170229336
27,-23.0819650018002,-45.0171656713973,-37.1998387689205
28,-22.1802652798372,-45.7699597884647,-34.3043889447737
29,-18.5167771647517,-46.0380541552504,-34.8394311879353
30,-15.6289547407997,-45.3391137841753,-36.1359099351213
31,-11.7172259243027,-44.1465347519715,-37.6235327165935
32,-8.32880464870285,-38.8325101125878,-43.5230846011297
33,-10.0337291036131,-35.6284919256979,-49.8871678947788
34,-12.9254016527409,-35.7113625092616,-54.436150005251
35,-15.2002752125388,-34.9944781476956,-60.0433144839042
36,-14.7917114135461,-34.0859127613582,-64.3330892387303
37,-12.8096000470931,-32.2852336170071,-69.4397968666804
38,-11.3705628765334,-30.5173797333423,-73.9561720202126
39,-10.1611006356447,-29.5295074621286,-75.7567568580598
40,-11.6099111362256,-31.3856967140612,-68.5995115129261
41,-11.9293194855372,-32.6601983114065,-64.400522682527
42,-13.7531627850349,-34.7575319720574,-58.5022048805407
43,-12.7591900506713,-36.1677540849642,-51.7790324225403
44,-10.6963509990472,-37.2235361890969,-47.040826680322
45,-12.5950635844315,-41.148426319354,-42.2914363726984
46,-13.2164101059443,-44.2983907955227,-37.6763055197798
47,-12.832230055096,-45.9273329515505,-34.5344043164144
48,-11.9045634405349,-48.5963474884913,-29.5799446511267
49,-9.20727486127016,-49.0859137344699,-26.7961620060445
50,-8.45982611760842,-48.92602450491,-26.9125898262402
51,-7.87919188029073,-48.8586266979557,-27.2804499538591
52,-7.73218979747234,-48.4258048379484,-28.374001267768
53,-8.61929733978309,-47.6552371245828,-31.5911202976263
54,-10.0616675240557,-47.0745797466595,-32.892850574186
55,-10.1663546271315,-47.0641274663673,-33.0300778832482
56,-10.3926476171857,-47.1078214736652,-33.1136379102737
57,-10.1757046060301,-46.9974423786522,-33.0492006086241
58,-9.04401442003949,-47.2824982661862,-32.2538272637725
59,-7.50099312573435,-47.8801575244359,-29.9101376047688
60,-7.57778978096476,-47.960432218253,-29.8073843284223
61,-7.51940427863759,-47.8554135710554,-30.4057670554528
62,-7.73633056309796,-47.7861745594015,-30.5498117888394
63,-7.4377231979765,-47.8028167502076,-29.9328383095623
64,-7.19402416158404,-48.0187670850458,-28.9277138349533
65,-7.03890836633851,-47.9118967300348,-29.1224386920455
66,-6.97239788316612,-47.6333807135632,-30.0453711778134
67,-7.12184197425641,-47.5556553546785,-30.6111670028406
68,-7.04869336393907,-47.479824059936,-30.6335029777592
69,-7.0227824334835,-47.4483532920893,-30.6567024177104
70,-6.90712906771933,-47.4399941914317,-30.4644671884048
71,-6.87868514465995,-47.4014389903936,-30.5269526733908
72,-6.80061929250061,-47.4046905414513,-30.4614153441226
73,-6.59190046244939,-47.4328473940594,-30.4733990392666
74,-3.78121251879544,-46.1317397530976,-31.8495335609163
75,-0.724040741981355,-43.9556061230681,-32.7159860095388
76,-1.40907867873473,-43.9470409488391,-33.3186044471782
77,-1.58345815848289,-39.6936954326004,-39.5067792591753
78,-4.35174818292035,-39.9183857414304,-40.8559559013109
79,-9.84843502495403,-39.347835702525,-43.7038103138599
80,-11.8646980778065,-36.4704287312892,-49.8414132800879
81,-9.99749555224136,-34.2382904745027,-53.3402846713912
82,-6.38446552302375,-31.0885984741337,-56.4593135957618
83,-5.5797042511396,-30.020989858847,-57.9356160662024
84,-6.33101358034692,-30.0906985229881,-59.808974450877
85,-7.49849218077599,-30.1611793789654,-64.122373276883
86,-8.75602092579703,-29.4904431154105,-69.5093581691382
87,-8.88558379400207,-29.0952038809076,-71.4929649088836
88,-8.78156281251167,-28.9103284520041,-71.6260088980653
89,-8.62978947356683,-28.8826034561131,-71.5094063578462
90,-7.94644161233001,-28.466955924271,-71.2987580909228
91,-7.13658659794265,-28.1366095604662,-69.1098994604309
92,-6.46541885280124,-28.7220278664412,-63.9387879200197
93,-5.67117532176847,-28.4739605218403,-63.0384886097056
94,-4.31362542455735,-26.6809297272107,-64.9694198170966
95,-3.54614073343464,-25.7280768019631,-66.7335443629796
96,-3.36974508828541,-25.6779044385471,-66.9167580647213
97,-2.03217049807989,-23.6130937975115,-71.2944894944243
98,-2.45656923761393,-23.8696527033527,-72.651015133708
99,-2.36700841910532,-23.7889172652314,-72.5492278796974
100,-2.54380391778189,-24.7512858900425,-70.6469170450237
101,-3.79171192805356,-25.8317893758959,-66.2691756954686
102,-2.7619195121882,-25.0174193896881,-69.1308047697836
103,-2.44344999963992,-23.6699869405953,-73.5508821848074
104,-2.05147640291707,-23.0673750909441,-73.7223924633373
105,-1.8816083021895,-22.6414182425063,-74.092805080846
106,-2.32850080205728,-23.6778397689575,-71.2132722093016
107,-2.95894750492978,-25.3252114637236,-66.1648586843093
108,-4.31682166705029,-27.0168364466644,-62.7087668595154
109,-6.08201905360143,-28.7769877504677,-61.9385428300697
110,-7.06963540969903,-29.1260872726314,-64.3255154918334
111,-8.67305667916188,-29.1089921266375,-69.9035814050549
112,-11.092835222673,-30.2935968944707,-71.2302991914544
113,-12.3302761380888,-31.9411361497916,-67.0152265993604
114,-12.2589338821061,-32.7248592434694,-64.2399822856011
115,-12.2294492784203,-32.7355709326397,-64.2603763298521
116,-10.5401024165034,-31.3633902109899,-66.7752560511644
117,-10.221998724136,-30.0125827791308,-70.0747588697073
118,-10.0105513726589,-29.5794280463956,-71.8157253096145
119,-9.55071286462076,-29.2291682596003,-71.3054641253448
120,-6.88861114680729,-27.4701795895012,-69.7780902553021
121,-5.65121133047854,-27.0862219204024,-68.2545366478963
122,-5.54285664112142,-27.2910688457483,-66.5535973887616
123,-6.23281234264977,-27.905449701209,-66.0368799300583
124,-6.49301727219242,-28.1249667003625,-65.6554280777579
125,-6.69094071087009,-28.1767313627138,-65.7182508926412
126,-7.12386312486464,-28.4063138375693,-65.909744986209
127,-7.00294543039767,-28.3080148691722,-65.7620418634639
128,-7.14126641355276,-28.3794318015662,-65.8754742781078
129,-6.93412501264685,-28.3079858324462,-65.7066907753293
130,-7.01016714854096,-28.2702758112298,-65.6844299577363
131,-6.99036288391946,-28.2037070195576,-65.6711487483531
132,-6.94816911833909,-28.0223403306562,-66.0633548962766
133,-6.17103679051725,-27.386750602745,-65.8375429226382
134,-6.33273301089707,-27.5696223312647,-65.7791283142335
135,-6.31144775973929,-27.8004572458006,-65.3917499026189
136,-6.27354661266406,-27.9790600938796,-65.2382425498545
137,-5.79097273374131,-28.3119559133078,-65.1551603152379
138,-5.47616707070691,-27.4664130071039,-65.2471115047572
139,-5.60482380451383,-27.3840873408424,-64.9860178867222
140,-5.28515918160414,-26.8952762160282,-65.3150743612396
141,-5.07004694447269,-26.5694476668762,-65.6802624792063
142,-5.3130221002461,-26.9732049811339,-64.8829278658571
143,-5.46026138120414,-27.6668971328908,-64.0400689282473
144,-5.37569804338433,-28.2272905022722,-62.3436888094772
145,-5.71498238539628,-29.5563613641893,-58.6547263907538
146,-5.75580177257848,-29.4740176117319,-57.7566992983974
147,-4.2177597204911,-28.2814070996853,-58.2875533355127
148,-1.51099716243133,-25.5026881385191,-60.0555618600917
149,0.465112509923046,-21.4443472333161,-64.4297182372703
150,0.467326990735344,-20.3708835018996,-66.0788901918257
151,0.406409484647263,-18.9332349866465,-68.6235413483723
152,-0.206743399645944,-17.5089510969391,-74.087635948574
153,-0.505718296732454,-15.8521138662541,-76.9542883881141
154,-0.0783106846233466,-16.120774622185,-74.8370165947343
155,-0.491506628392337,-19.8141181910867,-71.5282592163771
156,-1.94823086150258,-24.0522628212596,-66.0635946881894
157,-4.65675505208855,-26.8318510832417,-62.8805969539608
158,-2.97514728653463,-25.1333518822708,-65.7545814620458
159,-3.08961738058601,-25.0428427348529,-68.3114348108181
160,-3.07725794915625,-25.0784124535128,-67.9708736043228
161,-2.79728685861136,-24.85817245624,-66.6912997303486
162,-0.663149483978401,-22.1180106177681,-68.7373612098398
163,-0.297911382281207,-19.8381557867519,-71.3877493384406
164,-0.180035899733554,-19.8652610592415,-70.305774451212
165,0.498421839977752,-20.532602985629,-66.7678601520493
166,1.50247470990995,-20.9622154733208,-62.5653616081678
167,2.94916584993935,-21.3779994013011,-58.5049193142707
168,5.49238249948043,-19.9704969616742,-53.8413510984817
169,7.46481949835372,-19.7236127060459,-50.8595009410062
170,10.0908324335758,-19.9957876858184,-46.8905770258914
171,11.3946538694161,-20.4943491446293,-43.9640814191739
172,13.8474969948332,-21.1471551552144,-41.5411299055511
173,15.1065479965467,-21.2887950727428,-39.2149694279061
174,17.9661858989098,-19.2152005997496,-35.7039625888976
175,18.4362607691427,-17.1703743739897,-34.2154673103531
176,20.1827558394078,-16.0639475012602,-30.6044612533664
177,20.1680031250389,-17.3764505595017,-27.685761237315
178,18.203504374072,-17.9003226409168,-27.6421681872747
179,21.6087409358057,-17.811581326592,-26.0117148693098
180,22.9076996652776,-19.2704002935224,-20.6216292046672
181,22.5648604220201,-22.1679319115339,-20.5858862126548
182,20.4591189207574,-24.0385228838146,-25.8545695703334
183,20.8028683503274,-23.5961819567958,-28.1249805578355
184,15.5670162729996,-24.2747743626141,-36.0786837170341
185,10.2505363380135,-23.7344992328882,-45.0294126877903
186,6.53261430020367,-21.1306989491835,-51.7231576452029
187,5.58215350985833,-18.7582066170985,-55.3682077494928
188,3.84952324830962,-17.821091762998,-60.4934277926856
189,3.49051230366752,-16.687565513687,-65.2706662738225
190,1.84131159430929,-16.135805298545,-67.6702057561185
191,0.063099332624482,-12.9778746646496,-70.3208145043865
192,0.286662299202455,-13.6339992363753,-72.2370655519605
193,-0.018005469229621,-13.9233124572645,-73.1336004868457
194,0.747857993033712,-14.0473698350405,-69.1662652634384
195,2.17382013312798,-13.0432473073276,-61.4096859230362
196,1.23295507788654,-11.9033259129192,-58.0779078208331
197,4.14556907189434,-11.7510463880741,-53.2605159328437
198,6.6299935192995,-11.5708227724415,-49.6162274051664
199,10.3757338960729,-11.9409419183748,-45.124411384677
200,13.5459723475609,-12.2021526090391,-40.2224293806098
201,14.4653907885736,-11.6487310140841,-37.884462303215
202,16.468612920781,-10.4934449868691,-35.5411717489589
203,17.1224180104115,-10.6361223907712,-34.099304971864
204,17.3372187917665,-10.9091776787853,-33.0961597138961
205,17.483231334803,-11.6443081625214,-32.9647681166889
206,19.1789752371022,-15.0671092041295,-29.450885409955
207,19.6884486544425,-15.8960273522724,-26.6657240702411
208,20.6976722532256,-13.5061318579052,-24.917333125203
209,19.8218325286599,-9.35662592874079,-19.9390194128346
210,18.5641029289443,-7.81912206691631,-19.8141269612431
211,17.1170265414117,-7.49251280136619,-22.8623208550542
212,17.346916474199,-7.66540167784745,-26.7884573265848
213,15.7679199001121,-8.87492834098814,-34.2661289284247
214,12.3867775595426,-9.88830838199531,-39.2791930111032
215,12.5043500400589,-9.63639246658519,-39.7759976467315
216,12.0057171167034,-10.3411193305775,-42.0733922554616
217,7.31796040298035,-10.2474633354629,-47.4190655823951
218,6.6337761858224,-10.1558748678534,-47.7012057232571
219,6.18892988203294,-10.0132463309427,-47.9485286635122
220,6.4541204438903,-10.2083844293843,-48.2618894920414
221,6.91641751582644,-9.75197222082672,-48.4755931832309
222,6.54218000182759,-8.45810906562364,-48.6125792286143
223,7.33996221198522,-7.41172186824833,-48.6168086332114
224,6.54176844205622,-7.41165177184651,-48.3831717277203
225,7.07424840474419,-7.60159014563944,-47.1409210253643
226,8.07910273217977,-9.28187568445925,-45.6686080358799
227,8.78284730194276,-8.77666558472962,-43.9946891820726
228,11.0194074038688,-8.38774330127955,-40.1760214649712
229,12.4033444923096,-9.40795441854699,-39.3849555931431
230,12.9665871858478,-12.7105736475672,-40.8911002258998
231,10.4167821233374,-14.2242597656162,-44.7189765196672
232,8.60619072518868,-13.7843793943768,-47.5970928252277
233,7.22506262511276,-12.1654204171129,-48.7280015005544
234,7.33363433426211,-12.3212001927458,-48.749092971197
235,7.53827079470054,-11.7234655205423,-49.0761055431222
236,7.71737088372451,-11.0111407971983,-49.6080985326048
237,7.10882677123927,-11.08036127524,-49.5885451867895
238,6.39957131715301,-11.2039068502342,-49.2594665310536
239,7.35533421604059,-11.2538987809091,-48.4839558427022
240,8.14552026305992,-10.6072210339034,-46.6465904289575
241,10.6866822908617,-7.95084853310933,-40.5972300782518
242,12.6224840019826,-7.93246039897135,-38.117124150634
243,13.7839739088214,-9.47248615393286,-37.0166879507733
244,16.6695306830326,-11.9356154299173,-33.2428525195807
245,18.4937430454849,-14.6914888097226,-27.7066194387142
246,18.6685762869805,-17.4693461271992,-29.1329952006172
247,18.8897464935524,-18.7715146003365,-28.9971942261741
248,19.104897215106,-20.6922488424118,-29.0649625409929
249,19.1982759426412,-23.3506403770919,-29.1616046023575
250,13.4320037554048,-31.5825640030902,-31.5269332463214
251,9.59264734949104,-33.2676065913017,-35.6826709064534
252,11.7457458049014,-28.8711522049647,-37.6935562257444
253,10.3691254786281,-23.4767032777644,-43.3360208981086
254,8.75854189423611,-20.5933045597784,-46.7278668170943
255,7.153434057932,-20.2655055170064,-49.8776708356658
256,4.23185263190165,-20.1748568302357,-55.9143674772492
257,3.45244344208887,-17.8603147802872,-59.2228422083036
258,1.92239364959352,-14.313938203678,-62.0521270799325
259,0.986773943284092,-13.6214555387173,-64.2784643815968
260,0.450821457226844,-13.6306180878709,-66.7990130056715
261,-1.6816514320717,-12.0885881851091,-68.735503448202
262,-2.17508778021796,-11.9571617434021,-70.7290540285011
263,-2.38931635303888,-11.7272219765467,-73.0228345425974
264,-2.74629324481752,-11.7552338231113,-74.9854296362625
265,-3.11589026376064,-11.2513704373535,-76.5983825286765
266,-3.68479509423952,-10.7411486572462,-76.899415255701
267,-4.13025188125157,-10.1841688587424,-76.5120630055945
268,-5.04799309454528,-9.02326799410804,-75.6389878255279
269,-5.99584135716761,-8.20170039448315,-73.9839625774235
270,-6.22460365660488,-8.14896682232387,-73.3273907139652
271,-6.08551677164931,-7.75150398995102,-72.9820239185234
272,-6.16999217762805,-7.72552091649294,-73.0540570662085
273,-6.40277557896909,-7.58478456871527,-68.3600942244508
274,-6.50263854520571,-7.52764329400888,-67.3380563464643
275,-6.37158077844235,-7.6622119772575,-66.7836965194621
276,-6.3028266875163,-7.82432033637199,-66.8492233773559
277,-6.29647477868453,-7.7140596081969,-66.8391122935479
278,-6.51344991224925,-7.50808638887642,-65.3192454950186
279,-6.32160555317924,-7.73557328657702,-63.7799134224569
280,-5.90443991425266,-7.64933650773889,-62.6582027169972
281,-5.83690466910079,-7.62614583596501,-60.8271378930588
282,-5.61041397253044,-7.91732201347553,-61.0381317371001
283,-5.84067479324744,-7.72036249395274,-63.3083480813702
284,-6.65996507477054,-7.39098809092714,-67.7206443077436
285,-6.85046597927492,-6.90901389268487,-70.7107115269242
286,-7.86385405101243,-6.02677625230035,-73.3354769463695
287,-8.05627331924365,-5.66910537197054,-73.7721073909349
288,-8.55288837513937,-5.72040789087256,-70.9523140081559
289,-10.242633275334,-5.18892195395465,-63.8382122724596
290,-10.6290060125506,-4.47452108295162,-58.0936215407251
291,-10.6936362356154,-4.69457957506375,-58.076381312681
292,-12.0133286519684,-4.10756707694509,-65.1420930230606
293,-12.2137008881763,-4.00454228046843,-69.4331209974012
294,-12.0397586337632,-3.65188388310593,-71.5881086776305
295,-12.3737777152525,-3.19556943697894,-71.8938998216321
296,-15.4947576336767,-3.05211155911131,-67.6503891032618
297,-15.5620627464295,-3.16244228119631,-64.0906578878524
298,-16.0012264295095,-3.47487956559678,-62.8109639425932
299,-15.1141943520451,-3.53716356391934,-65.9824282906044
300,-14.0396067875229,-2.86991470741363,-69.2953318382931
301,-15.78928911497,-3.45303620435011,-63.2515377156859
302,-16.4723769561157,-3.33738491921397,-61.8187383996546
303,-17.00287475781,-3.21101890418492,-63.3777769760714
304,-15.0082055777675,-2.80838399394254,-70.7721282592941
305,-15.3735079715806,-2.29656687417742,-73.8393564063925
306,-15.2965544711034,-2.38424585258876,-73.5447541925991
307,-15.3942483723384,-2.37727327557268,-73.8857925722685
308,-16.2529251525866,-2.0069711217912,-73.4976560624568
309,-16.9700125799465,-2.26120175589968,-69.3846842004209
310,-17.9375671238663,-2.50814058659229,-67.2312555877678
311,-17.6238219776675,-2.69929700019122,-64.7306121587822
312,-18.871827857217,-3.06925053672422,-59.3287523280536
313,-21.0507690826501,-3.22662370296161,-50.8635183685012
314,-21.4836378649068,-2.88516682244658,-49.241504219467
315,-21.4897594218803,-2.94462117427368,-52.3376824750502
316,-20.497069567283,-2.67817139565708,-60.5746426673168
317,-17.9013675488179,-2.1792042242209,-69.3179483003765
318,-15.3609309974256,-1.5810405676345,-76.428035130204
319,-14.8115738631294,-1.65871735780543,-76.5491665674215
320,-15.547447810482,-2.00782450969818,-75.3359427357948
321,-17.4060604304495,-2.52086244016202,-70.9868816264546
322,-17.8003805062966,-2.81801995460287,-65.6492150580204
323,-18.2234232586142,-3.512633790754,-60.904341401821
324,-19.8135813023794,-3.33856486602265,-56.0475238407528
325,-21.0419806808466,-3.16138558141264,-51.1057304571269
326,-21.6444830663183,-2.89794679611529,-49.050544942417
327,-22.2628803958076,-2.63660388625051,-48.2185690192416
328,-20.7663553746348,-3.02443175633842,-53.0690620531491
329,-20.2820429132294,-3.0441114215295,-58.8653303450486
330,-17.0700523987081,-2.68499148498882,-68.4290203359924
331,-16.0093695723518,-2.19892240242855,-73.4860219924327
332,-17.7261864413524,-1.36296018172285,-73.7005091390197
333,-18.9473292786401,-1.62694073085922,-70.232698133168
334,-25.3569359074809,-1.77500584888655,-63.1178228582299
335,-25.0792682570968,-2.2053253659437,-55.9688592268963
336,-19.4841275362148,-2.98469403443516,-51.7166901096145
337,-10.5243191859572,-4.4772259452404,-50.2474325480927
338,-10.8346552455568,-3.48070432785034,-45.6688714177681
339,-16.3270351395434,-1.71941573499639,-42.0603263802808
340,-20.6975271517912,-0.54706349707209,-38.6485571789414
341,-25.8278703780938,1.45698307949261,-36.1641548313568
342,-26.6807292403791,1.75511958683595,-34.5872134433948
343,-23.8524843293272,2.10073726088445,-33.8130860830557
344,-17.3477806558707,0.555041412591191,-35.4338644128928
345,-12.7220812701506,-2.18578046116279,-41.8305405021555
346,-14.7859917165,-2.96528165843153,-48.9259340387796
347,-17.6121702714846,-3.21259779922458,-54.2843404776717
348,-20.5633295202498,-2.69407789374417,-60.7650542472477
349,-21.0444785071834,-1.71205857562198,-67.5221979886603
350,-16.8017919719565,-1.20149529363169,-75.5870457416125
351,-14.1289537430507,-1.64896377705183,-77.4502956706349
352,-13.1925081982131,-3.22887781889428,-72.0646933697965
353,-15.4713707858956,-3.31537095668987,-64.438203176548
354,-18.1020779533243,-3.25356967882662,-58.7320022210059
355,-17.5906096615448,-3.26241047312035,-54.5261126790967
356,-17.9879312407526,-2.12225553489755,-47.8196419172141
357,-15.1243882688531,-0.710654638520799,-38.6547231140705
358,-12.1670758539127,-0.174827904545607,-37.5732489370646
359,-8.72399648214602,-4.4199933903182,-46.4047059740094
360,-8.75167683186208,-5.63712100937815,-55.9015247376519
361,-8.10809258494083,-6.2484494851184,-63.525108616672
362,-7.47599807418393,-6.68082033899128,-73.1127797468286
363,-6.52131891324468,-7.01808320206044,-76.5127403394969
364,-6.67567041415324,-7.46674876675662,-69.802208654741
365,-7.47395818418801,-6.45124892615897,-57.6866656645642
366,-9.50821868250989,-4.66712892078354,-48.9434485870976
367,-11.0844058710181,-2.27441577547348,-41.8631147086306
368,-8.58105242658013,-1.5597928144477,-39.2615907658513
369,-4.71743019552063,-1.87395423231246,-39.9243989033107
370,-2.57577769406382,-4.17192491535165,-42.7359557390342
371,-7.15138962372178,-6.12511785585728,-51.0907538407629
372,-8.40578363177661,-6.01108422245752,-58.0440947073866
373,-8.65748000609048,-5.76935464959961,-65.0319394159305
374,-7.80392376488211,-6.40703698798722,-71.3231135706141
375,-3.8811564424628,-10.5422395649875,-74.8704070725124
376,-3.20206595917502,-10.617287586424,-66.7049587112491
377,-3.03165866742533,-9.02843604083013,-55.9711882828833
378,-2.50688886553422,-7.23826531936893,-48.7927781494218
379,-2.02969865720387,-5.25283938263436,-44.1785649241924
380,-1.13814191789806,-3.8103703357928,-41.519165169816
381,-0.942988032984765,-3.61591921221764,-41.339154831621
382,-2.62529505836758,-6.92431985213564,-48.9474332871528
383,-4.49945936599955,-9.01355625617324,-59.4740196288835
384,-4.13726081231164,-9.53127747180012,-67.8624951105282
385,-2.4508279288536,-12.2729600193161,-74.1637490026087
386,-1.21370866282719,-13.7712147187092,-72.7454523010462
387,0.924038853107838,-14.9810558029603,-65.4644038791886
388,2.34524318318776,-13.8614848738211,-58.7462117798066
389,3.9368161901382,-13.9310124517703,-56.0801560740784
390,7.15143527370858,-15.9288682878342,-49.9714042051597
391,9.18141904214072,-17.1493756642041,-46.6700994842989
392,5.09651159101642,-15.2748086900543,-53.8448234740706
393,-1.71850175329752,-9.98737007033703,-62.3313874841722
394,-6.74411087160887,-7.49485390743643,-69.7098723441203
395,-8.56475898506026,-5.91626793321304,-65.6837208290534
396,-11.9068545562241,-4.21743026398477,-55.5944013501847
397,-13.1704329891022,-3.33770570184814,-47.0664005464616
398,-16.0976006232646,-1.8766665977897,-40.9742643071024
399,-17.2231358559144,-1.02722630043209,-39.6005757873979
400,-22.4935174787168,-1.66960693391117,-42.0823897414129
401,-23.8138041358655,-2.62889945982768,-50.0480693379155
402,-21.8667096710627,-2.90717513274273,-58.4235410725767
403,-22.8918361165915,-2.16921750252349,-64.3434144865615
404,-26.775723373012,-1.87754378436448,-58.2896547424878
405,-24.8371241883951,-2.46963295799358,-61.4277678858552
406,-23.2977932355742,-1.27574646362857,-69.3909668045311
407,-27.9891473762987,-3.10578197703011,-72.181979277656
408,-32.5410022458896,-4.31870062751535,-68.7945876461692
409,-31.4446722835584,-4.24219308420314,-69.9319113973786
410,-26.4605429498358,-2.04054530465725,-70.5167953734686
411,-23.8915796983464,-1.05432352652189,-69.9391354904207
412,-22.3245682528243,-2.38621609667911,-61.4136344871215
413,-18.6264319560497,-3.35365581756934,-55.3627996622071
414,-9.24447787684247,-5.28091130169979,-69.5940263769873
415,-3.99199032161675,-10.2105192514498,-72.4148474613521
416,-1.26809008673412,-11.4053096412404,-62.3035002189011
417,-2.83308789750549,-8.85390754670601,-55.4178265115752
418,-4.51827720035306,-8.81852080744638,-58.1571651218799
419,-4.84411780166389,-8.61883361949287,-61.939947209952
420,-3.34687741063999,-10.35858031908,-62.8087697846625
421,-2.99985966835988,-10.4664952676827,-62.2356793621369
422,-2.27273982270762,-11.2880758886327,-63.3958523766552
423,-0.947883332409972,-12.4335230430298,-65.9096944486416
424,-0.081492284375102,-13.0485563983879,-66.4229196243397
425,1.26291741740539,-15.0920731549871,-66.6029272207145
426,1.29250773607401,-18.7975899488343,-65.4670683962794
427,2.30370281796942,-21.1584513230743,-61.2254650523276
428,2.79254371664826,-21.8079076478493,-57.9612759115394
429,5.97521819538542,-18.2487827163045,-52.6648427722881
430,8.56921259191746,-15.4687052140025,-46.7119490421203
431,12.3476929048845,-15.2624207418854,-41.5439029970441
432,16.0468087856458,-16.1783201377781,-37.4996920038169
433,17.6601652043852,-18.7351387476311,-34.4764076529876
434,18.5234297884041,-19.4917563912328,-30.5557713872628
435,19.0235698965179,-19.928677500331,-28.6372417322147
436,19.0835517323797,-20.5327409051548,-28.1008562602431
437,20.3515735994095,-22.1776756710724,-25.9332068640205
438,21.169990211082,-23.3846518881648,-20.7425059302899
439,20.879337649493,-23.0282978824912,-20.7173482164464
440,21.3208335478113,-24.7184996002406,-21.8489405534477
441,17.8494292836232,-29.5208557267825,-26.1154655685949
442,17.7800995325107,-29.3478168818788,-26.8116339923862
443,17.3170893254407,-29.38710144256,-28.4165564041794
444,13.1197440932603,-30.2525685093501,-34.0155673363213
445,6.56296616613979,-29.6893193129832,-43.0013954183917
446,1.84102267707934,-29.2504796748745,-48.4601154534891
447,-0.191675928848838,-27.3504342477359,-54.9073876547723
448,-1.90793823810483,-26.4193776177086,-60.50100411809
449,-5.04800781095772,-27.0929390525437,-65.7019703809211
450,-8.6192887542514,-29.5274845462339,-69.5275853961233
451,-9.04521732942609,-29.3499055382005,-69.5942967057224
452,-8.87712559102049,-31.4697253776705,-61.2603514873368
453,-5.81359367023379,-35.2007165649114,-46.4426878609185
454,-2.07736856077015,-40.9581726423672,-37.3943054267561
455,-0.781983180748583,-44.5415238923983,-30.8297623653272
456,-0.180215602175707,-45.5588669708448,-28.856621587125
457,0.411902618188464,-46.6354002722941,-24.125347936684
458,-1.436733735057,-47.132028408252,-24.6395482164061
459,-1.64715207348711,-47.094041992829,-27.0084248130789
460,-4.7282759084795,-43.7260258509978,-35.9974599560408
461,-10.3352683830459,-34.8356849891737,-52.6959796522537
462,-11.6492580573649,-34.3462413256671,-57.0298528985954
463,-14.7523285289094,-34.4426658188052,-61.9410877740532
464,-15.279924988261,-33.9625772808342,-66.7757579465118
465,-16.687234051702,-33.8771060624786,-71.0764972129659
466,-17.7270241768696,-33.7276978801069,-74.0998405133208
467,-18.1796321708812,-34.1119547677535,-73.0274173367933
468,-19.6031263055822,-35.316263535757,-67.9706021102204
469,-21.7906826740761,-38.1045663153873,-58.096739065729
470,-24.0555126806606,-41.6992036001883,-47.2736380705158
471,-24.7300231866689,-44.4910083849247,-39.7362839543712
472,-25.627764054647,-45.5588016952335,-36.2907553619523
473,-24.0427659575307,-46.1698552589573,-31.8493395935422
474,-22.8565147577641,-45.8418503373492,-34.3813179434861
475,-22.8606932654197,-42.1156819654261,-46.5386206793578
476,-23.7898511074276,-39.5372065177109,-56.4883661052117
477,-23.5058258037269,-38.1715700147478,-64.0128072383275
478,-22.9988577830385,-37.3086487025076,-67.866654193739
479,-22.8449650362446,-37.1679178488179,-70.081514816494
480,-23.4616528058721,-37.38393184449,-67.9813409986548
481,-24.842443784608,-38.7256356498842,-61.9080130567959
482,-24.7854679496251,-39.3286293883937,-59.6407355281303
483,-25.2180183911595,-39.6164702721164,-58.7125400522336
484,-25.240930557546,-39.5599395143509,-57.5838335885858
485,-25.3136574812275,-40.0028976181119,-54.7055196113317
486,-26.2072913318111,-43.3543616744414,-44.6461503236267
487,-28.7956429714271,-45.5935586951413,-40.0139684143515
488,-31.0993296034384,-45.9561490818505,-33.406130972912
489,-31.8209080884862,-45.0621808928281,-26.887142275973
490,-36.3522962719208,-43.1224709286081,-22.2477435667767
491,-41.1420302252322,-41.2377955440714,-24.2734098614194
492,-44.4345346286925,-39.3063474964345,-25.257388398024
493,-44.861094655127,-37.6072283488792,-25.8642996877422
494,-44.7636982976464,-37.655010505599,-25.9582720471128
495,-44.9299921451876,-37.5668147802263,-26.0243617068806
496,-45.1528160065018,-37.5892867446096,-26.1140528224481
497,-44.6813257438906,-37.1772997962013,-25.9380877508489
498,-44.771957415833,-37.0987379880912,-26.174125626965
499,-44.3427460359702,-36.7121635834563,-25.5065646952897
500,-44.344098286419,-36.9703928410891,-25.7161258151956
501,-45.000528722631,-36.5897745333238,-24.1829177547125
502,-48.0109509546306,-34.770453445885,-59.0435224356983
503,-48.2775514689475,-34.5548585098382,-59.7040089892367
504,-48.2284334719551,-34.5977343032454,-59.8409362543751
505,-48.4927407783888,-34.8402444536112,-59.4435318022738
506,-48.6693374676603,-34.8791193569134,-59.4822917121733
507,-48.4556524326166,-35.4144809523131,-59.5345105799409
508,-49.1682817897691,-36.3284239027341,-59.643451417416
509,-49.5044545405461,-36.3179111799173,-60.0908629722034
510,-50.2296738520557,-36.810009254039,-59.7580024270569
511,-50.2336671869384,-35.4601641188335,-60.0952012062595
512,-49.1803038155986,-33.2246420461924,-59.0845230478635
513,-49.025750910071,-32.3688853374418,-57.5355255828321
514,-49.2035217233082,-31.3637761222512,-57.0602848899276
515,-49.8491429131476,-30.3593112273205,-58.1731289819992
516,-49.1414377862487,-32.5907868067709,-58.3364474762162
517,-49.4330081595407,-33.414384671941,-56.5896016489641
518,-50.0506931049213,-33.6894229067928,-55.8033965324873
519,-50.1400162874643,-35.967390482607,-52.9414255626068
520,-50.0478321106406,-34.4800284732329,-51.476005019348
521,-50.2498916463565,-32.8930016046752,-51.7730216358902
522,-50.3491710215948,-32.670914666182,-51.7291921744806
523,-50.2277533125824,-33.4514544119955,-51.393758782074
524,-50.2087585116577,-33.4569465462518,-51.1084362204142
525,-50.2469631266744,-33.8470452304254,-50.8656123679531
526,-50.5679196544183,-34.8141463249182,-50.5617986506006
527,-50.369121005175,-35.0845183716255,-50.2108315689888
528,-50.4268892350212,-35.2481305203521,-47.6782660117985
529,-50.4369707972587,-35.3203893117666,-44.6883380166599
530,-51.8431911593232,-32.6636816545151,-47.1508045934221
531,-50.0238751101954,-28.2520714057915,-48.0095794798862
532,-49.4041122938787,-26.6695064699207,-48.1016874074293
533,-46.4473949200045,-21.616922073615,-49.1482649113481
534,-45.4839234783642,-19.5707935428079,-50.0509729376339
535,-44.1815367771174,-15.3689340645314,-49.8405483684876
536,-44.0206279495082,-15.1069482335517,-50.0985633276413
537,-42.6761002677061,-12.759447286372,-52.1237995570635
538,-42.660156474584,-12.894085618606,-52.5645014974451
539,-44.1416627878647,-16.3168801039551,-50.4569159557793
540,-47.1386717306376,-18.3190137581409,-45.8388781016853
541,-45.6764843227025,-10.4823321944337,-46.4288527353471
542,-42.674692977209,-14.1310811793121,-54.000130648405
543,-43.0533532415825,-19.2080716187968,-57.3531446821157
544,-44.9057478233029,-20.902099829759,-53.1250145626233
545,-39.2157860755826,-7.72140741472344,-57.2743098814727
546,-38.8214857199509,-12.8249526607101,-67.9640249264979
547,-36.0307813562528,-10.5537782549435,-74.6544651375141
548,-39.3776863500158,-18.4299668701241,-75.8222087568035
549,-39.7066726512895,-21.6322923385464,-79.0681422352962
550,-40.5069113046741,-23.428235449982,-77.7127066541309
551,-40.7457480822497,-21.8071986550335,-75.776164085753
552,-39.8480808368768,-16.6434288428848,-67.7515354804259
553,-40.5482168166333,-15.1548326758119,-63.1908251373674
554,-41.462044239889,-15.7990412581834,-59.2015896270234
555,-43.011654070935,-17.0294514664828,-54.1270674706068
556,-44.2029189551526,-17.4761744267708,-51.1280980246958
557,-43.8817531857177,-18.365515538271,-52.5404805637352
558,-42.1275965272779,-19.1102109711325,-60.9106840895084
559,-40.7762175957946,-20.5270325404392,-69.9269655656965
560,-40.1899741959889,-20.558432642726,-76.0649539396672
561,-38.8105026512906,-19.5263630677956,-82.8356517194821
562,-38.7150254655851,-19.6720081946054,-83.0084857414716
563,-38.6448420519002,-19.6163299014661,-82.7597405484556
564,-39.1009734250104,-19.7109377014197,-80.3931420077343
565,-39.5550661907159,-19.676534655562,-74.8060864152342
566,-40.9315445253099,-18.7168325758089,-66.1793070778153
567,-42.2433538778822,-15.7680333520828,-55.4587722579263
568,-43.6236566053398,-15.884228471853,-51.4553052059968
569,-43.4406892168934,-16.0531843813442,-51.6267018704703
570,-43.0570314206383,-20.5407301786539,-60.0271314073353
571,-39.6946161281512,-18.9494313696832,-72.6781662784456
572,-37.7582926069485,-16.9169642206032,-82.4398023704597
573,-37.687407031707,-16.4930581954711,-83.4278701696474
574,-37.932355666637,-16.5381135045489,-82.189254470818
575,-39.2987173308421,-16.6380426324975,-74.1092659628208
576,-43.1854199938085,-21.626556596631,-60.2210341672265
577,-44.8296667370767,-22.3386499220502,-54.8249663051506
578,-43.0642105395918,-14.9775536797178,-52.4368142908084
579,-43.1024038291672,-15.0138973342835,-52.6494651263486
580,-41.3539041934769,-13.9733090545952,-56.7679488024659
581,-41.2667605546639,-13.4636136753264,-57.8413152347322
582,-38.9893997485381,-16.4329583484726,-74.2356108089711
583,-37.4958918748382,-11.5739307772982,-73.1918178730928
584,-37.781034152366,-9.424779138239,-68.6379587777089
585,-38.3144849031573,-9.28263913235245,-66.2132893818528
586,-40.4610133860253,-8.09235902873018,-58.8062045186537
587,-40.7833760076373,-3.9900528243422,-50.6443823102539
588,-43.5193719451751,-6.23050323645102,-48.8728284249942
589,-47.5227229622392,-10.0622243999302,-43.2139806799103
590,-50.3861480305909,-10.9636607027694,-38.7553837466459
591,-51.7184150230904,-18.500669565347,-40.1698824367739
592,-51.413763942689,-19.8292199679301,-41.8559849154286
593,-46.4832815739431,-23.6935709494262,-51.5614045009708
594,-44.5096412941312,-26.7222826307899,-60.7976915304804
595,-44.0804388241977,-26.0480624939212,-63.3262299204354
596,-44.0655847888987,-25.4139243496304,-65.216717879847
597,-43.2801326454117,-24.4155574417957,-68.101647746803
598,-41.1722199487509,-21.2252651820513,-71.6871222941754
599,-40.016441209607,-20.2398019778716,-75.0595882352354
600,-39.660341219872,-20.9836305540844,-82.8477821831494
601,-41.7834611523074,-26.3604457623637,-82.1419232768407
602,-42.6131986065151,-27.9752822187791,-82.8022571742134
603,-43.1767208325736,-28.456642756866,-79.1276112726847
604,-43.4490605194241,-28.4078993200673,-74.8396933713487
605,-45.75975345725,-29.3515246087851,-63.5924023070932
606,-46.4148703468944,-26.6040606788191,-53.6701897187292
607,-46.5006035673379,-26.2864901755408,-53.5980866324776
608,-49.2258857528814,-21.0895489114252,-44.915257992017
609,-45.7021321699955,-13.6745328636958,-46.0592541370995
610,-42.3651455476212,-13.2846677222861,-52.5751870929712
611,-40.2176416467271,-11.9897426888346,-59.0453304896929
612,-37.4667926143431,-10.0898777674308,-70.3056201995335
613,-36.8185617790575,-7.37704673296341,-68.4102706962551
614,-38.8956543299204,-9.20688785876934,-61.1258752686609
615,-39.7452751093259,-9.20328302636204,-57.5654931795945
616,-38.1739150066821,-8.24204413701773,-62.9722407653464
617,-36.825831109064,-8.96639443931051,-72.8718522951193
618,-32.5857801632768,-4.5824841877994,-73.0602761778918
619,-35.2829888469255,-5.23253850330405,-62.4671418873988
620,-37.1607175206445,-4.56374623410425,-54.9025860193939
621,-34.6578677501903,-5.15049140453608,-63.7051202124071
622,-34.1088464043053,-5.61526574547282,-79.1279366210422
623,-37.6479986631565,-15.2282056723546,-76.7929350249056
624,-38.2526950359461,-17.272420411246,-81.4870609784112
625,-39.7907710256923,-20.9645415289218,-82.2520277225691
626,-41.9583920330411,-27.478162735308,-86.1423605144897
627,-43.312657061916,-29.2047497649047,-83.7512399114663
628,-44.5110630832918,-29.767685081922,-77.7497155634577
629,-46.2952425100246,-32.7976618609705,-66.641073543359
630,-48.9119990856509,-33.8891508094975,-56.7638043283727
631,-48.5922091783061,-33.9881576838937,-58.980655258378
632,-45.6547453495418,-32.6634464590715,-70.8213527886959
633,-45.5155025414339,-32.1161092617797,-74.2467319954537
634,-45.6638472040211,-30.9622791373616,-76.4205685186432
635,-44.4269497123364,-29.91154939991,-81.4458374374956
636,-42.314182591983,-27.0759861910991,-82.2440845613434
637,-42.4703087626431,-26.2424560291066,-77.0333425356805
638,-42.9224516221686,-26.9564370104973,-75.1447201449976
639,-42.4393699505991,-26.26266218843,-75.4873695488099
640,-42.2262344732074,-26.0473982034551,-75.1599025364517
641,-43.0965568170847,-27.231952154193,-74.859450593301
642,-43.7440633445059,-28.2785226007986,-74.2652068914264
643,-43.8215541734579,-28.6968427216949,-73.8976427935854
644,-43.62542863537,-28.6267274226982,-73.9843525888158
645,-43.0830138858499,-27.7514290034272,-73.8119013960616
646,-43.3758643156021,-27.9975329331783,-73.7529822145053
647,-43.6891247289234,-28.4806325021143,-73.0253956502823
648,-45.2878082459878,-25.7795495331257,-56.9309874611842
649,-45.5643262791502,-24.4549927358431,-54.3783447645577
650,-47.3683659432277,-20.8597764524434,-47.3911249653317
651,-45.0884215594208,-14.2430680853998,-47.7614659535787
652,-39.9323851946412,-6.89582320787034,-54.4632973818133
653,-44.3298401328315,-10.8035005435925,-48.5890137628593
654,-50.6902602679389,-17.6580237346901,-41.4992596208019
655,-50.221250117219,-16.8013353609427,-41.3348971712472
656,-49.0936343052282,-10.3936950802085,-40.4223402314535
657,-49.8539791718155,-10.6133725042511,-39.655713451543
658,-50.0073950497953,-9.73665585726228,-39.8231405582689
659,-48.1400411266799,-12.096711171501,-42.0424935128519
660,-49.0923591610034,-23.4608195664262,-46.556065700246
661,-43.6238292532398,-20.2370698045302,-57.1274893629965
662,-40.0590473265961,-14.0323704919391,-64.1175890598859
663,-37.652697554225,-14.4244671491739,-77.1777498221651
664,-40.1025577849748,-20.0720342506715,-76.4196015579998
665,-44.1133181665823,-24.7193953194308,-59.9527811119408
666,-48.0520384579547,-24.8982319263597,-49.4259915773239
667,-49.4680824906144,-27.17570308979,-49.2865385195341
668,-45.7447163031005,-28.5827265761246,-61.6404490318959
669,-43.1206356995579,-26.6575900038487,-73.7494380245818
670,-41.622535598003,-25.918841824717,-82.4795456677316
671,-42.4992974036978,-24.9683059313955,-72.345849868498
672,-46.1768957348812,-23.1494034536705,-51.5758830426607
673,-43.0237939733207,-13.8640043366446,-52.2130391432988
674,-38.7958716779121,-11.1310986142592,-64.6634948780835
675,-38.5018786646997,-15.0796403189313,-73.6139558261782
676,-37.4426881889853,-13.2116770429654,-75.9273351515718
677,-38.0122394102535,-11.8494954596353,-69.1206589698518
678,-39.7158753927682,-13.6641648101455,-63.9374289924183
679,-39.9681589905272,-15.1957578799085,-66.1847774563528
680,-39.1751641059061,-16.2440479278674,-73.0833506468716
681,-37.7328051986845,-16.6034323747523,-82.1067134760917
682,-37.6704191633294,-16.4990845378814,-82.5420516590331
683,-37.6701933476539,-16.4462754310773,-82.6037861222856
684,-37.5412578604358,-16.1696999766667,-82.2096013430996
685,-37.9759056959161,-16.2736778451371,-80.1894859348073
686,-39.1503528320458,-16.7059065469044,-74.5701154988714
687,-39.8949547031826,-16.3391485495739,-67.9644117879429
688,-41.4045083868844,-16.6267713549747,-61.1696726312716
689,-44.6180632546611,-19.6075990140974,-51.1726814189398
690,-44.411632174216,-19.4974815478964,-51.0987873359065
691,-44.5700066965986,-20.3693460901601,-52.8851155579127
692,-44.5581543435073,-23.8974362977616,-57.1147185489666
693,-43.7228275243561,-24.905609477404,-62.2520716839826
694,-44.7779143878858,-24.4910517130221,-56.635212403961
695,-45.9757187789453,-25.3263864040612,-53.6965610403916
696,-46.0364470322622,-25.1015130986822,-53.5886531692134
697,-46.8059241639538,-24.9404909437941,-53.4666844623275
698,-47.9778841224517,-25.4694107288397,-52.9758150673958
699,-48.1039810284536,-25.8136037101042,-53.1783757957331
700,-49.7779475282579,-28.5661169578811,-51.5834128649788
701,-51.4486529705203,-33.0723665614958,-47.738695816636
702,-49.3430810173692,-36.661542296,-42.5789522949559
703,-47.9061522724481,-36.512771455312,-30.1599558689939
704,-45.7515431130234,-38.1155445177587,-27.7035423462034
705,-45.0714591520855,-38.8735296288784,-26.7782083044318
706,-38.5604024196106,-41.2095681647936,-21.1491679479104
707,-32.7203323384102,-43.766064375534,-19.3703825160246
708,-26.7530001941945,-46.5890121466064,-21.8670378077883
709,-22.5151628622007,-47.474048680088,-26.5286273621551
710,-22.3404632737781,-47.3818617184875,-27.0403708179003
711,-24.073866559891,-46.9731092617642,-28.025323106395
712,-24.6520498122589,-45.9711203870548,-30.1524379391612
713,-24.7462249846241,-45.9604064779507,-30.2991220296071
714,-24.5431142895535,-45.7782593424811,-30.3855422522881
715,-24.5821773884405,-45.6666032109292,-30.5104700982927
716,-24.3326002595395,-45.7376983702642,-30.4359269654505
717,-24.904227410775,-45.1686436409548,-37.5482805755474
718,-24.1640687089807,-42.7678634688682,-44.9177356305512
719,-24.2486619247671,-40.8126354893242,-50.9850902414323
720,-23.7196324047967,-39.0372262802232,-59.6111021123247
721,-21.4079919300119,-36.5788505246939,-67.0826650077062
722,-18.43277722962,-35.0469771423173,-68.1214894437553
723,-18.762448700946,-36.4355842704292,-60.2783185059112
724,-19.7170880464818,-37.6692956709197,-55.1558488733904
725,-19.8227859522174,-39.0044111105818,-50.9641931310767
726,-16.788863662283,-36.6798275557362,-55.5217037402208
727,-12.0520241070166,-33.5255020230274,-61.6423193201993
728,-11.1432996696988,-31.7029441942744,-65.5517550970887
729,-11.1039361553613,-32.2979407415804,-62.5001783012538
730,-10.2366865288609,-37.7326635568925,-44.8732028263727
731,-7.77555803086707,-33.1743360526782,-52.3637130401597
732,-6.26026559409915,-28.9692076464438,-63.3897761264677
733,-6.39674676952919,-27.8218339770835,-66.4600036932637
734,-8.2986737507705,-31.3538980996609,-58.9010989153022
735,-11.6741528506551,-35.07386092929,-53.6092478328045
736,-10.4954725098151,-32.3661565381919,-63.9088715883338
737,-10.9049691546355,-30.8063194874435,-68.0219487833493
738,-11.9164059419142,-32.1558446687543,-64.0338336918504
739,-9.51074153011555,-34.3236884065951,-52.0719487234427
740,-7.21894267254631,-31.8784737394508,-56.0446514016347
741,-3.56695269120209,-26.2338652102453,-64.9730211484898
742,-2.72840310950357,-25.8937418163426,-62.4241890135773
743,2.4322460595474,-26.2088253842173,-51.8850949520568
744,10.6679520412358,-24.2333756558178,-43.0459353199471
745,16.9425404688564,-22.2261656699957,-35.793660697424
746,6.84987265997201,-20.8525894184286,-50.9398302383634
747,3.06711945066279,-20.0414895281899,-59.7326518970973
748,0.973035827313211,-18.4537177707012,-68.551445304728
749,0.715938361709604,-16.3382318898499,-72.0250469730506
750,1.62015232265021,-14.1807466884715,-62.0883227900982
751,4.53640365280295,-11.2363404190464,-50.4748884428528
752,12.9884318934298,-12.4299282790693,-40.8696283013924
753,16.4656645262252,-9.18712205432474,-31.1516501123789
754,13.8395759522849,3.01111117942165,-44.4345790759864
755,9.47852363211226,-6.96756539555926,-42.7377909544288
756,7.75867317600642,-5.81618392466181,-42.6614146526656
757,12.1890683443425,-8.21999807169517,-39.3576368661716
758,10.8142936754549,-8.98306856152442,-42.8420318564344
759,8.88370712015261,-6.60806788013875,-44.8800211511833
760,2.00458666660806,-8.91418950337108,-49.3335664615924
761,1.43580113935421,-9.37398383036069,-51.4589532273921
762,-0.587431759874086,-10.2647104215307,-55.1812673864895
763,-0.784061924071707,-10.6008421033412,-56.4560030527804
764,0.0405621611574603,-11.210036656248,-57.1846844597189
765,-1.43840501782069,-9.93655946810635,-54.9020525275398
766,-3.16629665022658,-8.49766636713541,-52.5954590430666
767,-2.70528475088938,-8.01809252352995,-51.0334489984524
768,-2.35298325258422,-7.94351795919662,-50.3965644860923
769,-1.28320539967151,-8.07612844160486,-49.7609635878298
770,-0.957604925219606,-7.86684208118771,-49.4884136143996
771,-0.900185674812995,-7.81162453235265,-49.4442089517406
772,-1.03877138531111,-7.97525601728128,-50.4804608234746
773,-0.956543504648195,-8.44052247067511,-51.3430531133948
774,-1.81935416557601,-8.65877163975047,-52.4562124218574
775,-2.20463491888553,-8.92721662158604,-54.6472606362123
776,-3.63907074278236,-10.220978536468,-67.2114816815981
777,-3.47374924241785,-10.4497857787647,-67.9751672705335
778,-1.8921207016126,-12.7087095865271,-72.7299546593449
779,-1.94527889432569,-12.8238219253638,-75.6050227683195
780,-7.86776077640231,-6.60765174599448,-61.924948669858
781,-9.22181729820063,-4.9940339451901,-49.5541098344367
782,-10.178945571817,-3.05598868848427,-40.0111478723786
783,-20.6064299161697,-2.69273002305998,-46.4317235624116
784,-9.07073753162288,-4.74482125173859,-75.3711876336445
785,-16.1225135098557,-3.31060089727221,-65.4262260617763
786,-23.3631192882142,-3.07671945313061,-52.0444755143458
787,-23.2540373322419,-3.00267334223155,-58.8051174783259
788,-19.9303277722057,-2.18099840954113,-69.7545418931302
789,-20.9427023503818,-2.05353498812475,-68.4019337873152
790,-24.5369888231887,-3.00547879368867,-58.8883423996079
791,-25.69267310799,-2.14857363827241,-51.7320327318754
792,-25.4410923271252,-2.68840115881017,-52.0066115031429
793,-20.5124433963135,-3.66513088041094,-55.4692973907739
794,-15.9292731673712,-3.97092504537787,-61.8776040197251
795,-13.8971404455363,-3.58582462868524,-69.2625200835477
796,-14.3449101625946,-3.94809364310498,-65.7625697247353
797,-14.0402680791771,-4.1257807572953,-57.2019588859623
798,-17.5022863080844,-3.11536599712958,-50.0037615024149
799,-23.316015965153,-2.44053546611213,-44.1071521767799
800,-26.2954211840108,-1.585664652985,-44.3181818493961
801,-25.7680060649769,-1.96965350364897,-47.3061207757539
802,-25.5287479245453,-1.79110236749831,-47.5639481342829
803,-22.4652673243053,-3.1470709814912,-47.8654927637077
804,-18.6242201942229,-3.4856752968253,-60.6300516177243
805,-16.4227023260053,-1.76960247348312,-75.5937781564716
806,-17.5071079326316,-1.37059830840922,-76.3757362866572
807,-20.2611721689208,-2.85119687431096,-64.9382305437127
808,-19.9108875889895,-3.17604482538111,-50.2718168363586
809,-24.551464411916,-1.89612465197383,-42.9381003213631
810,-27.0096293032374,0.947755551745953,-36.1489071347168
811,-25.8452588326655,1.72411133581082,-33.7651267458907
812,-22.4199339270267,0.917327812058511,-35.2882944654399
813,-22.5882020028022,-2.77837681532041,-46.3000375403453
814,-19.2452965590546,-3.41173699380549,-59.4044106271257
815,-13.6157388336561,-3.47337343430924,-71.2095343498944
816,-3.16702432268862,-11.0593295465258,-70.5801954250911
817,-4.41732119571036,-9.17517198932056,-57.980791025681
818,-4.86836845055493,-7.25354646107629,-50.1492348696794
819,-3.06031175484654,-10.0870400694859,-60.1246236667644
820,-1.07771401911344,-11.7442947922629,-62.8308956451446
821,3.34237641491373,-14.214551454323,-57.0554232996802
822,7.40388079418861,-12.5726510731229,-48.1280957873079
823,8.90448669933473,-8.50897692846814,-43.4396698000308
824,13.5125463656631,-6.04863302789419,-35.2356866840438
825,16.2409375828521,-9.53848006829617,-31.7284041768784
826,17.4080612999606,-12.8350829537077,-30.0992844048644
827,17.5879430102789,-14.459397491503,-30.7267768895042
828,18.3266447469201,-18.5737046869825,-30.4741794524131
829,18.3868111669656,-21.3897045540424,-29.2268516721293
830,18.5816355384261,-22.6493439019678,-29.0239897629671
831,16.3005474131945,-30.2074255573344,-28.4060292531645
832,11.2754077102311,-37.5270301334313,-26.231822463115
833,4.88024405371453,-42.6216449485871,-26.8195978624862
834,-0.422396632943155,-45.540286782836,-26.058730130058
835,-1.4684365949872,-46.0602507457502,-26.1995755478997
836,-2.24232767339235,-46.2297178899156,-26.2291239203839
837,-2.28368990434964,-46.1878486245001,-26.5806008277627
838,-2.59382298858372,-46.7014980976774,-26.8866757401759
839,-9.18823644142608,-49.491084687439,-26.2469136499066
840,-16.4651646907478,-48.9287507114507,-27.5208656381745
841,-27.4262706775128,-45.7912877471005,-25.5541951445154
842,-30.8662567332326,-45.223040598679,-23.2502682658624
843,-43.7870759325937,-40.0248102407776,-21.9139623933675
844,-48.0138384730982,-36.4368794379663,-24.4616300457352
845,-52.3418074527635,-34.3388463331334,-27.9666710463272
846,-58.2321009696086,-29.7462582081484,-33.3931262014267
847,-57.4660430716868,-28.6611788626377,-37.5872937527456
848,-57.2966601127237,-28.5543825964797,-38.4429241078278
849,-57.2810720882996,-29.1531732886693,-38.8757138488815
850,-51.811933540647,-32.465462857924,-48.2737610077712
851,-48.6844553004301,-29.8866777523428,-52.9423070750799
852,-45.6943150077295,-27.2955842187885,-57.6785788509063
853,-43.8674702435356,-25.197317493996,-62.283456001064
854,-40.0669851733935,-18.7985884398808,-71.2902591654691
855,-38.1175101980676,-14.4433983427535,-75.9078721355493
856,-37.3699626939203,-7.83701924431258,-68.8138574568696
857,-38.2554212047261,-4.87659080681109,-55.6099409980229
858,-42.0629678961208,-7.48474891159798,-51.8356225858221
859,-46.7969496033373,-14.9211314583771,-45.6928296108607
860,-45.3233595134794,-15.6685509405904,-50.0394698602234
861,-41.674421433093,-13.2867795664726,-58.4058874982323
862,-40.6891264123965,-14.1598059216518,-60.7397716227523
863,-39.4268807639805,-16.6434556130301,-72.0312521952633
864,-39.9999700641114,-18.2540560405954,-70.8517461897158
865,-40.8319697656528,-16.8164609254951,-63.7531222560168
866,-40.2348932227181,-18.0010471586655,-68.1027478737185
