1,6.50069365716187,-51.4950451384841,-7.49221719891546
2,6.08475972899718,-51.5556097898725,-7.84821008008791
3,3.92808151863731,-51.0129467314328,-9.01236365875558
4,4.07355043500107,-50.8073677711015,-9.03836494096766
5,4.01604161453198,-50.6591343089994,-9.14190024011233
6,4.03751695844898,-50.7521149181385,-9.02617032146197
7,4.25180289749254,-50.8663018395549,-8.94165498057403
8,4.65221395742948,-50.7536206469457,-8.99887274432829
9,5.99299067390438,-49.8636215675234,-9.41398561280469
10,7.30508180630057,-49.2272461628976,-9.62574622615686
11,7.82431448813887,-48.5568570218515,-9.86611175278804
12,8.66477652432083,-47.5955045630244,-10.6970297301251
13,9.85138047345962,-45.7357648946554,-11.7301501339703
14,11.3844944052405,-44.1336935520558,-11.7773504815681
15,12.3469822212962,-42.6495354894832,-12.1071853027256
16,12.4344033515584,-42.3882450604348,-12.4751321475238
17,13.6787465385399,-41.1773135777839,-12.726834578862
18,14.2031267142843,-39.8357037198418,-13.5003380090721
19,14.86203874769,-38.4737650837106,-13.5912080664089
20,15.5953824465957,-38.1157891008271,-13.6038580186007
21,15.5891955275038,-36.5239990173426,-14.7907719514491
22,17.048110933769,-34.1590651300091,-15.2827586945364
23,17.9720927109086,-32.4334960586652,-15.3769283418175
24,18.4184569661553,-30.5778521290396,-15.6840813272981
25,18.7578121370294,-28.9767520533455,-15.9987484064317
26,19.1162729449331,-25.6029668137012,-15.9901176934065
27,20.023620429163,-22.9851626659824,-15.6495000532832
28,21.0199407892134,-21.0909113135838,-14.9821488465599
29,23.0394038090133,-18.4327183142512,-13.5884556628357
30,23.4490799717443,-15.6325011517903,-12.4861627355177
31,23.8175148406487,-13.7300559753432,-11.2593539280349
32,24.1118577975911,-11.9517972013577,-10.2136201479688
33,26.2879816664702,-10.3337188790299,-8.30212576258645
34,25.9524138221964,-9.32175670780469,-7.47434110818075
35,26.0525596212279,-7.32402537120777,-6.47978539047841
36,26.2371549985435,-5.78595247125164,-5.17029754039122
37,27.1209397350133,-6.24056110385904,-3.82016573507413
38,27.2888882724323,-6.59578344249197,-3.10847021245588
39,27.2978787548571,-5.96311534724972,-2.2173185875201
40,26.4976741659737,-5.43889293415008,-2.36484089669685
41,25.6640603483969,-4.25039944423405,-1.63547741357882
42,25.7532476044787,-4.17729544113084,-1.41615690059774
43,25.7308887134205,-4.02929285211039,-1.26717589642396
44,28.5411327708323,-3.99726518701233,3.4474839093325
45,28.2321283099589,-3.56208430147925,4.67101790220272
46,27.8257046193989,-3.3508600132751,7.48246085588134
47,28.5561428698717,-4.30104791703065,9.45225874927572
48,29.0975026894627,-5.82379411764877,11.3254839814489
49,28.5086470346986,-5.54047505831532,12.3363649111051
50,27.2444985409534,-4.87157051705896,13.2293348518243
51,25.7740970381092,-4.59345197427913,14.766855898721
52,24.650919137564,-5.79845879966396,16.8586090949274
53,23.0520972878758,-7.96665594407267,18.9733168213756
54,22.4667967700201,-9.19645819796621,19.3554280458867
55,21.3374849059475,-9.7929977318855,19.8201805332892
56,21.3749581688002,-9.51363435467502,19.9771897147817
57,21.3346433886959,-9.50533346105374,20.0172623314966
58,21.450457074157,-9.46773200645973,20.0086998621554
59,21.5462316937059,-9.36519801039238,19.9091307957202
60,21.6663746437919,-9.29175856270796,19.7427807708791
61,22.1769280145577,-9.35282592235159,19.4780054154248
62,24.446725733894,-4.40896051886268,15.7489702185545
63,22.837727287506,-4.196540720376,16.6416075990536
64,21.3822241053076,-5.44545211281355,18.565336168679
65,20.4951409433507,-5.70374079164332,19.2136959703478
66,19.3113028534076,-5.75612069404303,19.9875071260686
67,17.863966678166,-5.62397647014672,20.5653092566415
68,16.10449211317,-5.70795559137527,21.4378321454536
69,15.2717930480134,-6.29572985405104,22.2391021933968
70,14.1036444120076,-7.54526944120757,23.538709545045
71,13.9873982912071,-7.58603488227687,23.5275285958533
72,12.5992025670261,-7.31196375531445,23.8584315934067
73,10.4107579007019,-5.18853221361108,21.9655391497752
74,9.54023170271131,-5.40177103503962,22.0896884975663
75,8.94295872699641,-5.60416396264512,22.2668945264981
76,8.72153979347404,-5.79745930483518,22.5458400026936
77,8.80171692220575,-6.37381591032487,23.2948958540565
78,9.13136060693768,-7.37282049323369,24.0555693309541
79,9.35025243490461,-8.14419026034669,24.458029991693
80,9.57038116226086,-8.21146523600928,24.4538597419464
81,9.20208763865519,-7.91411469968062,24.3636246369615
82,8.2360859976414,-6.15402900087878,23.0795934131773
83,7.51312251728507,-4.32697046777995,21.2426179569761
84,7.8312835285597,-3.86151081181733,20.3607896337215
85,5.43374495313548,-2.30285684999742,17.6208984310554
86,5.17940228134081,-1.86068018336404,16.005723172383
87,6.81782370384958,-0.609472947311647,14.3004795427655
88,5.80762438519797,-0.892122350883869,13.3751649369973
89,4.60839731934797,-1.49896940246784,11.1789191480105
90,5.18994585959896,-0.257040587760846,9.46792101923284
91,8.55753243471019,1.36288000797087,8.92183159012346
92,13.3744201555081,1.41557599287826,10.5502378068461
93,16.8486545609499,0.751045655243521,11.0263552267595
94,20.4409749503988,-0.384447944777103,12.0008191175109
95,23.4591698486497,-1.82498864261985,11.8819270233499
96,25.5295770260294,-2.973819786322,11.4128872512687
97,27.5632971626166,-4.07634218511175,11.2816487117232
98,28.8815096282927,-5.85755743281016,11.6192646691371
99,28.1354413457918,-6.410721834161,13.1019286422318
100,25.3135696656382,-3.45678612218049,13.3893201446016
101,21.9794936052403,-1.75019009973513,13.452234274496
102,18.8219008076913,-0.713614653321425,13.4970975107196
103,16.205284240669,-0.159513939964571,14.1037992757008
104,14.1887071095509,0.0149169230722901,14.9810617931112
105,11.2039156435597,-0.267561004526888,15.7400235623988
106,7.621515992078,-2.08764968576181,18.2475897749732
107,10.7710717341362,-2.52026065788312,19.0178112756621
108,15.2765253963638,-3.40279021530451,19.4860176387612
109,18.4974129876221,-4.45982700230795,19.1796679475697
110,21.5487395218052,-5.94976040436266,18.8248463891905
111,23.5242814030916,-7.56857583527219,18.2204724828782
112,23.6510068054134,-7.4699045229613,18.0904546194502
113,23.9451089866158,-8.23187782708823,18.114953334158
114,24.1415417906587,-10.2752780073599,17.6378487162262
115,22.4359881995779,-10.3836765159887,18.9689524514514
116,21.0496206787326,-9.83465554397104,20.3801796894246
117,20.905869492643,-9.78069832831215,20.50637090455
118,20.7125234401797,-9.48934971158064,20.4436556983128
119,20.8405599137508,-9.44673452101347,20.423892071423
120,21.3040854997167,-9.12033039839378,19.9866228439253
121,21.683513623232,-9.16949880651065,19.6822927629814
122,22.8545711997097,-8.17689772653197,18.9404257380935
123,23.9081638477233,-3.67331759635398,15.1870271922191
124,22.9018736373924,-2.65396795087369,14.5898632904639
125,20.5824528532227,-1.9357496012947,14.8801158585384
126,17.3118593885391,-1.17148618415022,15.7511010074448
127,14.6540507089208,-1.85969037600546,18.1583255206049
128,11.9183230826735,-2.9543529166026,19.7004366816502
129,8.90340624630302,-3.82507074917187,20.4935469050639
130,8.41992375133918,-4.04322218165133,20.5289664379472
131,7.83455432406724,-3.96887707559186,20.6109132345973
132,7.53138344629431,-3.95683635321894,20.7675734550724
133,4.69038805364247,-5.1036583962517,21.7429409546586
134,3.99568848043732,-6.79513483528585,22.6471525255235
135,5.1523415304434,-6.81656689111268,23.2837010520013
136,6.58654646306484,-7.45949183121035,24.1859772459562
137,11.6528023611451,-9.06814467698153,24.8696950450901
138,17.0418996987524,-9.16110661560347,23.6826497549311
139,19.1803425047224,-9.97477068073333,22.429049927928
140,18.9579503328199,-9.46867719759803,22.332556959264
141,20.0047247492631,-5.98511039274013,19.998886029192
142,18.6300743940482,-2.6681796001919,17.3498866477279
143,17.7747647209038,-1.85414147495075,16.620238580339
144,14.3342200442188,0.2833262549972,14.0636834900104
145,13.4244801506098,0.642889125149976,13.4283194975231
146,11.8685899935944,1.66581578018586,10.7153269753608
147,10.7891594589134,2.07502695473841,8.73856758491307
148,7.55982280552163,1.33518698246027,6.8208290140759
149,6.01964418768451,0.510908560195961,6.82457857713289
150,4.12577428044145,-0.891868152075337,5.76383599932467
151,3.49005313260626,-1.83197473459092,5.38139868534798
152,8.50694013935518,2.22857515957137,5.52235813489659
153,10.5070407092734,1.87108243888057,4.78622273412255
154,14.6456490537231,1.98738207413824,5.12265653184722
155,19.1845681424662,0.821377116380626,6.67894492954902
156,22.9744346994793,-0.523690823514182,6.88239992342142
157,26.0663970075816,-2.11231726796235,6.64380406278132
158,28.0882527027987,-3.43294545716119,6.07166947545818
159,29.0997810667374,-4.34729876500699,5.65915563789065
160,29.2745097803772,-4.63940450949852,4.41563414450279
161,28.5367466911349,-3.95224300434421,3.32893530135424
162,25.7448593872741,-2.07006478174819,3.01754710709198
163,21.7972150261045,-0.904965348979945,2.40067018790263
164,18.1189422260919,-0.185708279674898,1.56570268455501
165,16.2726420598437,-0.107754593195739,0.398313215352419
166,14.2977760108164,0.844912336666408,0.562407751350846
167,12.5857883274764,1.11874682867897,0.49524192630528
168,10.2049442688128,1.11561009865399,0.0920432488949204
169,6.40945665338172,0.0301236704754633,0.338999843579487
170,4.37358827184982,-0.901535852491362,0.512634317728428
171,3.72999087405649,-1.51370196121999,0.179115066181448
172,2.86050770906465,-2.67592754763905,-0.182866439898809
173,4.22705931499851,-1.45669843516185,-1.43131212998051
174,9.28717573732638,-0.0716595739103765,-2.72644932830648
175,13.8124158633343,-0.819861294196465,-2.68540176102725
176,15.8678430808872,-1.8979982411376,-2.56777445199571
177,18.3180698726404,-2.35639124455153,-2.90253036931375
178,21.4292670505567,-3.19467576292162,-2.0968473670141
179,22.6153898013416,-3.35794248916977,-1.81302338134515
180,22.8768233862365,-3.39918233142516,-1.90331032572244
181,22.7611211422998,-3.34322765077171,-2.03130275230217
182,22.676057541321,-3.27048971460974,-1.93979656856003
183,22.730537911479,-3.08240491253716,-1.47476297887492
184,24.3452180746089,-1.97043459410463,0.570654847885535
185,25.1586811187109,-2.18609750713488,2.14741378700596
186,26.6087314990883,-3.35504452328172,0.81387807349457
187,27.5579540098547,-4.85758846466763,-1.14406529016108
188,26.9365581207085,-6.52032135315314,-3.54843497536074
189,26.3808022774334,-6.62115281626893,-4.20894139439135
190,24.6519911795037,-5.15115276777408,-4.36613066257676
191,21.1051893451477,-3.94835062210388,-3.90379272356
192,18.2584260547245,-2.89487219558609,-3.57467725923652
193,14.6520354633772,-2.49274332562858,-3.58039028638526
194,13.4313070112576,-1.69272728615481,-3.66159959276884
195,10.7660383114737,-1.31744103068426,-4.84857043219488
196,7.52923469024208,-2.10563335389006,-5.42124103819346
197,6.14920376814042,-2.12299681548539,-4.72978400966502
198,3.92173994058581,-3.06727821541598,-4.15486160463423
199,2.45670468723668,-4.34949457403224,-4.66690912941962
200,1.39182832616541,-5.75637799711479,-5.13735282771675
201,3.37526628702659,-5.19372916182874,-6.72967834611334
202,6.80182478864949,-4.96078289504642,-8.18934611262679
203,10.4057784164099,-5.48078566377905,-8.64079829060826
204,12.5634854600646,-6.47027877035561,-8.63078652990764
205,13.8542643259576,-7.24863019796602,-8.99017199035117
206,14.8150963045639,-8.05348426701514,-9.40899327544446
207,16.990455082504,-8.0791586770665,-9.86785396451436
208,20.3480320648409,-7.58803960931561,-8.51073351251099
209,22.8549395420589,-7.86203810120724,-7.70120482411095
210,24.0565569281846,-9.02592184317956,-8.25010307537778
211,25.4661574992394,-10.2229722764584,-8.74759177553372
212,26.664175545461,-12.4291773034291,-8.25819671442981
213,26.2068968669997,-12.6775990142177,-9.18084706406058
214,22.8648027768721,-12.4062495950771,-10.8225755573907
215,20.5480051036638,-11.722001022803,-11.4285037196674
216,17.9194330010968,-10.3831730849096,-11.4031451498764
217,15.2354116672329,-9.04359409729243,-10.8398041688757
218,12.1922087226962,-8.62485799439219,-10.232455999175
219,9.92260253086563,-7.77978475480893,-9.59894482102968
220,7.06089496265327,-7.93605114021883,-9.31875351193008
221,5.48945825019905,-7.75521585701868,-9.43487400855949
222,2.92889212414316,-8.59902183721087,-8.54459846237721
223,2.63202049218886,-9.03066564278715,-8.49931293156672
224,-0.315978639131373,-10.864442047098,-7.26969428330639
225,0.54202385633241,-10.9856409352039,-8.34284076816407
226,1.32501809978692,-11.5889045303099,-9.65112003865543
227,3.96677291434247,-12.065401420414,-11.141986011823
228,4.08434702870677,-12.3233742028399,-11.396988825704
229,3.98360115690306,-12.2809618944533,-11.452228832677
230,5.37067063753416,-13.2687613603557,-12.7019852588143
231,7.49059675527968,-14.076165140856,-13.5712439962773
232,10.058778627368,-15.1409172718085,-14.1558302300945
233,13.7144960468385,-16.6733681860854,-14.5575958719926
234,16.5954995920046,-17.8994255129661,-14.9712342923232
235,19.9724370834703,-19.5842245439298,-14.8258509694442
236,21.1431227977583,-21.2422041906616,-15.0315112004519
237,21.7587482311297,-22.1091187991249,-14.9263276007183
238,19.2481171757149,-22.8273071801271,-15.7287212651934
239,15.0682448349473,-22.7296775566164,-16.4429534086258
240,10.0829453543279,-23.0734447439959,-16.1267213780877
241,6.62248407961889,-23.0302777252549,-15.4196573238805
242,3.57798418027639,-22.0812352633593,-14.2995969497867
243,1.74505426198359,-21.0613676231421,-13.6023622249747
244,-0.615159510081842,-20.5821748869303,-12.4726436775504
245,-1.88663853951304,-20.2836845553499,-11.5302823889042
246,-2.77079767609177,-20.2465190379233,-10.8179050229714
247,-2.234565254752,-20.9325353861148,-11.6111495602853
248,-0.211487044540906,-23.5395242936415,-13.7397794358526
249,3.44311754539849,-26.3910499464492,-15.5813169853873
250,7.82367252053045,-28.2800872907058,-16.2355828815726
251,11.7978239840178,-29.426356731541,-17.2329689739808
252,14.3157458488816,-30.4523899750664,-17.0426517741927
253,15.2454902613488,-31.471117820032,-16.7072901053736
254,15.7343902923984,-32.4367037408061,-16.472088642212
255,15.1108648366837,-33.6773090606936,-16.3507880924594
256,13.5464239841298,-33.9465262919811,-16.6785777092446
257,10.1807259519795,-33.0819262289207,-17.0270550897003
258,5.72312259781361,-31.4856314493807,-16.364708006245
259,2.65136796343271,-29.4094432684957,-15.3233818209619
260,0.00654963377900231,-27.7778449577669,-14.5240579843369
261,-2.6100577280312,-26.753692135496,-12.939168037595
262,-4.58452159479215,-25.9262396719217,-11.8129290812356
263,-6.18345022455485,-25.2545739609242,-10.0520217691892
264,-6.54674671959129,-25.4145980403082,-9.95764007860816
265,-5.88351796854765,-26.8023517260506,-11.2388773063182
266,-4.51699539744263,-28.5625794624699,-12.526477628506
267,-2.77022244751221,-30.7869441751508,-13.6872463939541
268,-0.625950100727401,-32.9011638031467,-14.4185242862102
269,2.27200873116322,-35.1098483551744,-15.1106516794911
270,4.58303305946524,-36.6304051312887,-15.8495496853028
271,6.755653508672,-38.5945354696484,-15.9470531643698
272,8.32641280124018,-40.2433683089315,-15.3728044908184
273,8.66183403968519,-41.4814631965049,-14.7664115066456
274,9.27821333668366,-42.8722146029491,-13.8681991907687
275,9.46775225110034,-43.8406040717398,-12.987803642815
276,9.34965652789093,-44.3544440201346,-12.7306621088298
277,9.92176197146241,-44.2798909023624,-12.1979921311747
278,8.16589665209352,-44.2895594360225,-13.0291615132277
279,3.86788186345844,-43.1003080559462,-13.9461338309842
280,-2.02693760011305,-40.2276538554641,-13.6290601905622
281,-6.35906427773832,-36.4972900983426,-12.1870303876049
282,-8.67684527782771,-34.1205947867586,-10.1973793896709
283,-10.5978633879024,-31.7892083299442,-8.3307172511428
284,-11.0265788812557,-30.0112873158308,-7.58312132121941
285,-11.4159901025495,-28.3959854184549,-6.59759640992591
286,-11.7216405592779,-28.9231151359523,-6.50642659396346
287,-11.8061351262427,-31.122088980274,-7.60076456227096
288,-9.93765941235317,-34.4307933618833,-9.01588666254183
289,-8.55909415429751,-37.9046369999399,-10.3431641047248
290,-6.23260395753169,-41.8890623681484,-11.4270410427508
291,-1.29314905473925,-46.9231955783773,-11.0222526742755
292,1.41716876117186,-49.0894984937751,-10.025357504081
293,3.25008569991858,-49.9406283700857,-9.58468676668389
294,2.83663362259051,-50.6937060224737,-9.14091749730203
295,1.01785350702047,-51.1094420268392,-8.58873872357769
296,-2.0084607883269,-51.6008692300029,-7.82577220864665
297,-3.09098378776081,-51.4747609946411,-7.70071178433963
298,-3.70410378260181,-51.3575112116716,-7.6655527342384
299,-4.15534485415388,-51.755563645739,-7.31837024164048
300,-5.73576907472719,-52.3594832618085,-6.44748569718006
301,-6.00554326888003,-53.2795844880295,-5.41281882363438
302,-5.62600818059885,-53.6760035249206,-4.88149507651348
303,-5.93215639052674,-53.5158925252063,-4.92070810433887
304,-6.5037966058529,-53.1743813720834,-5.1148659824198
305,-6.13795740262151,-52.9103150697516,-5.72234506611055
306,-4.46353135369807,-52.2012053089269,-6.99708453367678
307,-2.34832396933593,-52.0865162094764,-7.54803147479853
308,-0.65684066341386,-51.7350754768054,-7.95542886958544
309,1.83216643641223,-50.9198099328024,-8.82943335463542
310,3.02123855441693,-50.6634421383687,-9.06877106570104
311,3.85619299580505,-50.3415504909214,-8.98669417385399
312,1.42119752959588,-51.7474598015862,-8.13064867813477
313,2.03849046028766,-51.112040826938,-8.52963733323892
314,3.97830943538052,-50.3849692664373,-8.96215085341818
315,3.8624682194571,-50.2914745586923,-9.05563634595551
316,3.1619937318891,-50.5079791238544,-9.08663776923685
317,2.44287691486819,-50.3096228227807,-9.2647541711527
318,2.23069809159677,-49.9174236443098,-9.45464834313315
319,2.17569953762897,-49.5382499252584,-9.81810725643683
320,0.452068893032191,-48.9369427836584,-10.0995767008311
321,-2.31327230095518,-47.9286620634242,-10.2107200170098
322,-5.0806176719778,-46.4952929370686,-10.1873426597939
323,-8.08208041633442,-43.2952708725519,-10.2089633162346
324,-9.80524756866327,-38.0138054741339,-9.83239653344141
325,-10.6588847480818,-34.1519831483625,-8.58892201309413
326,-11.8735467431548,-33.0147532099029,-7.84299725880591
327,-13.2982940444373,-33.0945776629589,-7.35328044220098
328,-15.9362052532236,-33.1182892467473,-6.12675660393823
329,-16.6292647763102,-34.1527428944363,-5.78372072662528
330,-16.991968915677,-35.6401764081383,-5.27402856540207
331,-17.2745309078386,-37.8615903249854,-5.02327645673446
332,-17.4852111258076,-39.9635238054959,-4.56025685502433
333,-18.0224387205044,-41.8086538393024,-3.84759991262821
334,-18.0959125837428,-42.5962710332354,-3.62860127040938
335,-18.1577333120495,-43.1631663016593,-3.33380003050875
336,-18.3288301608311,-42.9320442602761,-3.33670110527785
337,-17.804651919792,-43.0705800665306,-3.40702075749422
338,-17.7572964757981,-43.3629134203088,-3.36121007210525
339,-17.9562828641355,-43.051346674924,-3.37639195938078
340,-17.9032098385845,-43.3247761370263,-3.33373594964462
341,-17.9389773822463,-43.0977231081573,-3.36933893944222
342,-18.313546129504,-42.8504485040578,-3.3906318723256
343,-19.5283691980616,-42.9533998376193,-2.40543838038213
344,-20.2799224398685,-42.3535526493704,-1.94821752829999
345,-20.2161796914409,-42.2550659357348,-2.06669634407479
346,-19.0304070525602,-44.330990408002,-2.02336982813035
347,-18.3806345802374,-47.0165480608794,-0.391631338624536
348,-18.7741244861239,-47.3338819566487,0.670708344534293
349,-18.5259277056795,-47.8971180558328,0.725143676348894
350,-17.1271780103839,-50.2864498145372,1.4319585195203
351,-15.5155466468287,-52.4522098253095,1.32840461991604
352,-12.4009971356547,-55.410544049735,0.974527728751589
353,-10.0524854280565,-56.1774872113871,1.01560534536358
354,-9.895366450584,-56.55045925907,1.537913164548
355,-9.15313021349864,-57.2351246698879,2.07709577732489
356,-8.33598690899301,-57.9594938879618,2.89450957315409
357,-8.19620760925124,-58.3405236173296,3.59069791162985
358,-7.48064751676573,-59.1599046623066,4.41543282529879
359,-7.54394187600221,-59.5760519574009,5.29390626342313
360,-6.99302629804945,-60.1712852787838,6.59282491954726
361,-4.78677241551162,-59.4769741956748,7.58805117314672
362,-5.1332078750815,-59.4396584646783,7.6909587239149
363,-5.2761425027774,-59.9080576282387,7.41460387440489
364,-6.05650154092686,-60.5620509946321,7.85053067892807
365,-7.29649959269209,-61.0815620980213,8.63965223541856
366,-7.28605687841061,-60.7977666383789,10.2957783857274
367,-7.7211732529012,-60.5890876665445,12.9765681124824
368,-8.20204877353328,-60.4953370918403,13.6811743577739
369,-10.010688926647,-60.161626804939,14.8119962243066
370,-13.2196951542206,-59.129166329278,15.1828039636648
371,-13.7112238103701,-58.2620456588283,12.7044568819596
372,-13.2041736583285,-57.4849427608715,8.51682938281423
373,-12.3902276636383,-58.0139265735514,6.06141211190264
374,-10.000023367634,-57.9663309321009,3.38790086041687
375,-9.59665802924592,-57.4298170904723,2.45229965909864
376,-8.93796116178664,-56.9677249355015,1.27991321223224
377,-7.45036921013392,-56.7720333904961,-0.303524921410967
378,-4.65283418633836,-55.4815361359896,-1.57447432013982
379,-3.57070144134796,-54.7529031810475,-2.7279399467538
380,-6.00629496014325,-54.938790868469,-3.12091262399571
381,-10.1980950542981,-54.5990916018904,-1.39183437100757
382,-13.4440520669337,-53.9473990439874,0.0537994330668381
383,-16.7984710963095,-51.7633148980722,2.37053175837021
384,-20.289458518815,-50.0239800443287,4.43736968631019
385,-23.9535011114248,-48.3606791766727,5.86173495487243
386,-24.7133931088245,-47.5894811704298,4.9849128061035
387,-19.7893467091765,-47.7980881708003,1.88163239078264
388,-16.469544423756,-49.0204003072182,-1.32795819988129
389,-10.7256809249577,-49.7389856541168,-5.6843640717213
390,-4.99906671022653,-50.0303988913018,-8.08285513660242
391,-0.746907073138779,-50.3359437819002,-8.92729170689262
392,-2.13523151237121,-50.452545006855,-8.65533827379921
393,-9.80021342254457,-49.3874517402969,-6.33837765284318
394,-19.4199463046512,-46.4721903605434,-0.344673928647045
395,-23.8027954118752,-43.836104325893,0.534342767799318
396,-23.2912937771018,-42.2531758252101,-0.591580114709566
397,-18.2900068029167,-41.6736978074481,-3.65063749047095
398,-13.6046269518845,-43.0083483804566,-7.27733396631978
399,-6.82117842797834,-42.8343643376855,-10.8675914385652
400,-4.16728674030415,-40.7826110760066,-12.3384295206959
401,-7.23152031438337,-38.9984053350545,-11.3213861730666
402,-10.4972395839413,-36.4821888478333,-9.00917267707239
403,-14.0091380428896,-34.4331710671401,-7.40683366534005
404,-15.5783134975045,-31.9182183614617,-5.3240461061973
405,-16.2667451134305,-31.3557266016293,-4.91287123581074
406,-16.6294476651703,-30.709014058201,-4.42102788119561
407,-18.5484244299761,-31.4180281398037,-3.77913534950531
408,-18.7303612803311,-33.2690556550935,-4.35982104286881
409,-18.6323521678042,-37.5612039695008,-4.35283699983501
410,-18.4917561431478,-40.4174039862985,-3.96910567966574
411,-22.3969351403836,-41.3622806120262,-1.4934271880626
412,-26.1090247133169,-41.3488941839266,-0.27971086889858
413,-22.9381728432987,-42.5385659825096,-0.583969138597923
414,-19.1258317611531,-46.9412455763383,0.230550987271137
415,-20.3343307760404,-47.8784522152902,2.25086671513528
416,-22.732399645875,-46.457019239808,1.98442961737244
417,-26.4698201795778,-45.6035634985876,3.36797441157234
418,-27.2923747222591,-45.9774916600801,3.82072335150253
419,-28.7485532027266,-46.0455034496036,4.45105510485789
420,-29.1245976862743,-46.3686113395154,4.36925167048542
421,-32.5232074618705,-47.0431861893769,4.50114498928481
422,-32.4891532712415,-48.040328367765,5.81501249192359
423,-33.0767012797916,-49.1521366821199,6.83671170184071
424,-34.4644494167234,-51.2266825110094,9.13438757150005
425,-36.8268399326587,-52.7287180003976,11.3211432950767
426,-37.5606796468728,-54.1458878088059,13.6713583361063
427,-37.129349376911,-54.78338853732,15.0708395206228
428,-37.2890923505472,-55.43099613262,16.6064461583814
429,-37.3718384145179,-56.1374114947914,18.119400687719
430,-36.9953290539371,-55.9380376524058,17.9677737616736
431,-39.7577540248229,-55.4628210143308,16.4427576077272
432,-39.1968213197711,-55.6169398018438,16.7894588479428
433,-38.5575287299634,-55.970980782068,17.855320120583
434,-40.3634808887285,-55.9250363404744,17.583613698863
435,-40.381127795043,-55.9082499545566,17.6522198846397
436,-40.7546380731833,-55.5177710935922,17.2230157953807
437,-39.865360292836,-55.3705605163874,16.4201993074259
438,-38.9949091519076,-55.4517202020526,16.9408985392032
439,-36.8316946962367,-55.7767052806949,18.3435340772954
440,-35.2884965816056,-56.1703586506488,19.9227036716697
441,-32.7013015858548,-56.0288931248599,22.4163779957745
442,-27.6237884190286,-55.1282181768116,24.1463020713676
443,-24.9183133068418,-54.8060885276275,24.957248686285
444,-24.3524594992286,-54.8387631665787,24.8994413353222
445,-25.5202284726818,-55.1268631917955,24.353260234883
446,-27.2739911530371,-55.2993262324229,24.3889207457234
447,-28.6175868507931,-55.0605483775849,25.4133405919508
448,-29.3433625800476,-54.8233562787299,26.3434428284612
449,-29.444658642882,-54.523396050902,27.2599382599768
450,-29.8063301727063,-54.5787900423751,27.2868670195021
451,-30.891269270644,-54.8871821453848,27.3397917016661
452,-32.6440281083338,-55.0908572401532,27.38043211553
453,-35.1178426222196,-55.3614923314136,27.4881162261276
454,-37.1515492615275,-55.8407232863199,27.143480809785
455,-38.6963679641295,-56.0622529778059,27.0102185922209
456,-40.438479263701,-56.1953262418438,27.0494414610223
457,-40.9811279860398,-56.2429762661307,27.3019524047673
458,-39.2193511354628,-55.537729238459,28.2545115777179
459,-33.8991176447106,-54.6568233279235,28.8477311258897
460,-33.7975252274784,-54.0917593921065,29.8185981898106
461,-37.0887862484246,-54.6635324896404,29.8101061568269
462,-41.2123182764294,-55.3093628898458,29.2441731445648
463,-41.9731110112368,-55.7566660744967,28.4816019814035
464,-44.1636177395625,-56.6744475978332,27.1267743606176
465,-45.4909849182314,-56.5889476968162,26.5647374964734
466,-47.4435528340415,-55.6294788423711,25.5420474022218
467,-48.2376219569447,-55.1208301526879,24.1711604118376
468,-45.0105131512358,-56.7638631707069,22.5201279445242
469,-40.3469682253614,-56.8691293756629,22.6070620821901
470,-37.3276648748207,-56.4800423614459,22.5494874499111
471,-32.4672771441036,-55.9976382428897,22.2036440991332
472,-27.1783895185387,-55.2387335407367,22.1991735059847
473,-28.3763100731585,-55.3660365239809,21.0403461543575
474,-33.7848184227138,-55.8882237952362,19.5203963888234
475,-38.0298715440618,-56.0423649666151,18.8276794998885
476,-41.6362597640108,-55.9205597999766,17.2055750490412
477,-44.6161118854508,-55.7063348961617,16.6388434841038
478,-46.5449921309538,-55.0904171714952,16.389918065754
479,-49.2504253282829,-53.5531874732401,16.8308837904739
480,-49.785800764481,-52.7129544764084,16.1406802396576
481,-48.1308817491683,-53.5481257305091,14.7694280027199
482,-43.4699219640797,-54.2037779160627,13.4555156875372
483,-40.6354845670243,-54.0125568335188,13.0183704921312
484,-37.4186160212447,-53.3545957935866,12.457531663075
485,-34.5118080340576,-52.6849818283053,11.9117465595661
486,-34.4679431947971,-52.2577882552806,11.5080369322066
487,-39.9183793618461,-52.1467779968094,10.0293519324971
488,-45.2496965008727,-51.5113001141793,9.18323698508428
489,-50.1325499027225,-49.0058387883089,9.32426092563423
490,-50.0341011373166,-48.1491156022744,7.72609506684259
491,-46.3573008169932,-48.6645294486219,5.7224269184106
492,-41.7744786508622,-48.4714913187307,5.10487644238083
493,-36.4101933045296,-48.1884527826187,5.17501439402469
494,-31.4626855407449,-47.7491349920208,5.80664455040929
495,-29.2032750728062,-47.6433993918488,6.03398149595335
496,-27.056477640652,-47.9728318888014,6.80963135045346
497,-24.798904764039,-48.587051026044,7.28407452039287
498,-22.9261583528314,-49.4427299445375,8.15006052166208
499,-21.4625951609556,-50.3210456903039,8.83616707072899
500,-21.9210846945399,-50.0697852312751,8.87685329056887
501,-24.6099848668089,-48.9701521695458,8.88108560213857
502,-24.9393328163071,-49.1621270139399,8.90893422385801
503,-26.0733860329941,-48.7012793772318,9.23472880489365
504,-24.3220504937631,-48.6382939787042,8.03145960726426
505,-20.7886301327606,-50.4329401652862,6.91464317616279
506,-19.013494529492,-52.4695739867632,7.62760224799146
507,-17.5614234153202,-54.2561970776738,10.3943451546261
508,-19.0640132175771,-54.2166547903492,14.0575775724204
509,-19.8347557395237,-54.0979397911107,14.9570014269707
510,-19.8200568807539,-53.9164199131066,14.8668101944932
511,-19.4090057337629,-54.0218568497612,13.9022269436365
512,-19.355328325202,-53.9418092846146,11.9432694723286
513,-21.0523512006252,-51.3868880470358,9.34240711259733
514,-23.6448636158529,-50.8523499090482,10.0023657681967
515,-25.8294853060526,-51.2518285124266,12.7784150493104
516,-22.4581175701575,-53.062817671665,13.2986918355685
517,-21.8563159512021,-53.5567296100853,13.3950524831788
518,-23.5171464977229,-53.4171368499961,14.6449149292189
519,-26.8707257322234,-52.3523592262157,15.3277392291754
520,-28.8573047888212,-50.4110602879714,13.2164938148239
521,-28.8939326268859,-48.7981687304805,9.8185320942343
522,-29.2920855879807,-48.917257923216,9.71464783407221
523,-30.1655419427386,-49.0967301162916,8.32408493212384
524,-32.5541227453835,-48.2947152977545,6.2016211965169
525,-32.3084731336358,-47.4750336922521,5.34565495252231
526,-29.3258039353267,-45.1187870793802,2.74504256075418
527,-23.3940507755286,-45.4151773521421,1.639491808898
528,-20.3356600730226,-46.2698880847426,0.66608952873879
529,-24.1000133794861,-44.3015363071226,1.01050924515438
530,-28.7060829620515,-41.3915743506883,-0.0437788270577313
531,-34.7147467490545,-41.0920477167876,-0.770570248278658
532,-40.4149203162253,-40.7343877851409,-1.85785352339025
533,-43.8522785591945,-40.420096672526,-2.14696144529502
534,-46.9855509872791,-39.4015018082439,-2.03896960918676
535,-50.4850410447331,-38.0140650695242,-0.0675015039003979
536,-49.5289490158056,-38.1199981374475,-1.12498291563155
537,-47.2687006736605,-37.3620873001192,-2.69388328148413
538,-45.4503307254112,-37.6246078913269,-3.38047823102532
539,-39.8849523094417,-36.9385152078611,-4.01752420635485
540,-36.2808678612698,-36.3467151573357,-3.76584412016355
541,-32.0545871041011,-36.786326256242,-2.7344450308876
542,-26.3619319578818,-35.6161221787482,-2.71237240499334
543,-22.9176107311786,-35.8169591361652,-2.99874680744998
544,-26.8966547150418,-35.8214944941537,-2.56644884224771
545,-31.9612957383244,-35.6328130896735,-3.13407402760603
546,-38.5794250360793,-35.4123146665884,-4.61485926417466
547,-44.8203405568951,-34.1702921092404,-4.86967545524805
548,-48.5958969382118,-31.5825837355632,-3.8138679976083
549,-50.6258055595111,-30.3135734582433,-3.12185535402489
550,-51.2709810131672,-30.1432191332114,-2.44618655254373
551,-49.6717404101103,-28.8827168752632,-4.54713031823389
552,-47.2887736167783,-27.5344240828828,-6.47670942099614
553,-42.8505768791487,-25.8109949109866,-8.07583274705599
554,-38.9475500677125,-24.3086964259841,-8.48311070641496
555,-35.6779904308155,-23.6539209692241,-7.88977681968934
556,-33.4383939571195,-23.5514170438483,-7.33732904020402
557,-30.7069513254979,-22.8413235438775,-6.69042403690598
558,-28.8801294259834,-23.0003066689121,-6.1072906417963
559,-27.3468675849554,-22.4819285170167,-5.73770767850328
560,-26.23441947896,-22.3422034085801,-5.16653706238629
561,-26.415439721316,-22.3191473468048,-5.16626706070534
562,-29.5287204273107,-21.8160269099835,-6.52599073263198
563,-34.1174194780786,-21.159051362996,-7.9894842964781
564,-38.7658853648974,-21.3238413078856,-9.35036661238802
565,-44.6012657530431,-21.1935789247488,-9.44602992374619
566,-48.2540351249689,-19.8594342743939,-9.02267923514705
567,-50.3914043769153,-18.3501732489649,-8.67071332701584
568,-52.0792849341548,-18.247988136349,-6.80646559541763
569,-50.9535275064797,-17.5763900955467,-8.28603551793005
570,-46.0816974965397,-15.3794898604094,-10.6998904308705
571,-41.3588030850476,-14.1137618565296,-11.2290337221701
572,-39.2517906725774,-14.8124235753898,-11.1530891692744
573,-34.0488497606598,-14.3623675928777,-10.1843556727
574,-29.2946579790431,-13.4782755162306,-8.25222307780481
575,-27.3430837322235,-13.8583377414381,-7.37301390824359
576,-25.691840600073,-14.6953556640241,-6.60646655613563
577,-24.2812008536138,-15.2261960353674,-5.51903698935771
578,-23.6633254729754,-14.9501757976073,-4.83731621532536
579,-23.0636910252087,-14.4876988426363,-4.52949544271497
580,-23.5008326102522,-14.10215056006,-4.97677561212022
581,-26.6187197229035,-11.5288316877526,-7.31647611021866
582,-30.6750145219823,-9.96547299320878,-9.23065237897827
583,-34.4100861976239,-8.73328989382546,-10.8354126141789
584,-38.8105859874101,-7.95928704362309,-10.559168148225
585,-39.5523499796586,-6.13322876623165,-10.4708777025444
586,-40.2843294670591,-5.0379714362459,-10.3062068761069
587,-40.3678263208339,-4.42127706691291,-10.0587875666275
588,-39.871298681019,-1.14406128586767,-9.23743772887727
589,-40.6510350922552,1.44834050102653,-8.93683708820587
590,-40.8063580401338,3.73936570029259,-7.59874895119224
591,-43.158406041657,4.00526631412917,-7.22516557622032
592,-46.2601102574092,2.30056411223563,-7.84638926428875
593,-47.5280948245126,0.264330690087025,-8.5255567836993
594,-49.3464053365096,-2.76355346009891,-9.04388352488516
595,-49.7824534890797,-6.52260325784495,-9.28284331408169
596,-50.6318989910949,-7.39129521623575,-9.05411600279694
597,-50.903233516854,-5.74060173605444,-8.59347732559054
598,-50.6376437337316,-2.29387849230882,-8.18930246169683
599,-49.4277563999985,1.14405348841506,-7.26751324947506
600,-48.3644031171258,4.04767197468537,-5.62883009755705
601,-48.7180731883226,6.21000500668971,-2.94887825520431
602,-47.8948561422269,8.06438355580667,-0.488471502992446
603,-46.9126010728435,9.22946830647985,0.792408826504052
604,-44.9994025641754,9.09797605590462,-0.839088132445242
605,-42.0981107597438,8.19642124865352,-3.13869821195002
606,-37.5720439016671,7.47405772424461,-3.63869773097312
607,-33.7913410781676,6.45583455538628,-4.15599841192866
608,-29.4961251081551,4.99913703313157,-3.38857457341786
609,-27.4175692672393,1.3870836421738,-4.71916493200345
610,-25.5844246356433,-2.74175501604142,-5.3436346177764
611,-28.0804039263292,-6.65818626734287,-7.65980805036452
612,-30.524028888873,-7.67397415847836,-9.23650487177836
613,-24.9210220325172,-7.47844411195726,-6.088191766109
614,-23.0531333266797,-7.37449012340845,-4.86938703445618
615,-26.399363166254,-6.02569545933849,-6.84577048889249
616,-28.8676907657378,-2.84763107299089,-7.55425729680327
617,-24.7076355743825,-0.25369890752933,-3.29998027864055
618,-21.5242703582902,-1.63208035511989,-0.211121743030601
619,-21.3160486876726,-2.3387576622867,-0.264513239937187
620,-24.2587252021624,1.11729180533265,-1.625087008049
621,-27.1260794022454,5.78093772458256,-0.0506740515532051
622,-30.6307204456444,8.06225614022305,-0.0862562150344171
623,-35.0743759155359,8.67056830263975,-1.26148899757773
624,-38.9379279934381,8.69083686528034,-2.18298125931903
625,-42.9092587214965,8.88966152077479,-1.72266190494103
626,-45.9202748690733,8.95408031108112,-0.390659716126489
627,-48.0123932692217,8.24975086567801,3.76937308426011
628,-47.4962813682837,8.66494354713537,4.33984996735667
629,-45.5874981387491,10.0694899817288,5.24803278223295
630,-39.7434442197077,11.5397032423124,4.48935369693072
631,-32.1425439425544,10.6310550464599,3.62770078033389
632,-26.403557292575,7.51452781180747,4.10273980142071
633,-24.267072907445,5.44234798165606,4.56023155954919
634,-21.8543362338555,2.04310005702171,6.88565667641884
635,-21.9514919872242,0.730014849836678,7.20964286821928
636,-22.8911263811957,4.00958059056179,8.29506135371074
637,-25.5274479393382,7.83850311345037,8.26595826434156
638,-28.7380570306262,10.0440548003132,8.49945713114259
639,-32.0552969629264,11.3872016730296,9.77506336537922
640,-33.8364979026011,11.801842905023,12.3915498289238
641,-37.7344582401481,11.5704329894079,14.3374048853647
642,-39.6463100787899,11.3418370636561,15.3985203213512
643,-40.9238267313871,9.86219142685909,17.4667564606735
644,-40.0333210051675,9.83188326747068,18.2017265102049
645,-36.3723094007881,10.7380382755191,18.6651619095527
646,-30.8964253862237,10.399464069379,17.7485656108919
647,-27.6180963977166,9.16346805661952,16.7909290938774
648,-23.9055972928836,5.84456794148927,17.0084962466157
649,-23.5408471630549,5.29725321577189,17.1793868611366
650,-23.6562128937976,5.37859981540323,17.330956969671
651,-23.2038134049538,4.84727728188271,17.1225561898788
652,-24.6991268635038,4.6462088321932,21.7662753023017
653,-24.0481845637996,3.17381852553351,22.8085032163464
654,-23.1082001411844,2.78331748493277,21.918537677415
655,-22.3398919597313,1.85484346447056,21.8681628237681
656,-21.5092941469095,0.319179372955926,22.0960683555653
657,-21.4601663461895,0.460798506173937,21.8291779144685
658,-21.6096400250675,0.491653701819239,22.3137455460761
659,-21.6037062258407,0.5121395867328,22.3204625796898
660,-21.6354446336094,0.548796317867957,22.3558031829255
661,-22.3363455083881,0.976313895726559,23.7107085034221
662,-24.3266912255376,-1.91479532764622,26.1727013162663
663,-26.1025982501689,-3.09541288904049,26.3400188239906
664,-26.1897947432343,-2.98825889867433,26.5070961166675
665,-26.5154617299044,-2.60934341126974,26.9194845150796
666,-28.1548915388409,-1.36597171144142,27.1512047495901
667,-28.6941238283061,-1.37299774933712,27.33635085906
668,-29.2708085988014,-0.999606649934339,27.7044727268601
669,-29.2108357187559,-0.724453739916274,27.7502342098573
670,-28.386909781457,-0.124777578086789,27.8285561493851
671,-28.5630000672517,-0.0500235772569582,27.8305632816562
672,-28.596320824864,0.303299607062417,27.5416820153301
673,-26.5477545212537,0.688026439467476,27.0299595247124
674,-23.5454351085404,3.47561553166842,22.9922463074601
675,-23.5279118902718,5.95148135137795,17.763097953749
676,-26.1389589677619,7.63322636366944,20.2554803787625
677,-30.8829192563613,8.57679837084599,22.4468970674835
678,-32.0291250483237,6.4186590045756,24.935018183398
679,-30.6981251358511,5.39895812908206,25.484606445698
680,-33.1321168426553,4.93824371838153,26.3005873212763
681,-35.8860550654408,3.182009393653,26.5714420022361
682,-37.8190610714069,2.93095471171349,25.3675071874504
683,-38.4730659340033,3.70882221352431,24.9127556263405
684,-39.0353799393957,4.60520369813026,24.7003824651611
685,-39.4275889275887,5.0547949654049,24.4647142169459
686,-39.2448922506521,5.48791932312855,24.4115622053603
687,-38.7710459838201,7.82074352238688,22.8927803696981
688,-34.8291814157311,11.9819512184652,18.1382506497611
689,-35.9022047713648,11.6783697024768,15.7690811942861
690,-36.3492333655205,11.6550096335988,15.8332657849782
691,-36.6946760250454,11.9861360067259,14.8456802941239
692,-37.1692456344796,11.8217323307382,15.1559303486422
693,-36.8269655855385,10.9173026396643,18.5349624929902
694,-40.5969611829723,8.30416147873006,20.7685295678884
695,-39.8352413171923,9.19588169077727,19.7580258041804
696,-40.1065466272585,11.2833253601141,15.1647284066782
697,-40.0438834647265,11.9667956756107,12.1465256545597
698,-40.9937781185921,11.9554457561422,9.59613816115627
699,-41.0847761217051,11.8794609080989,6.18637922156054
700,-40.1399788953126,11.929606611761,9.78417775996503
701,-42.1490231540803,9.66245532967415,15.3172675204208
702,-43.0421701499904,8.3750676294099,16.4447074674514
703,-41.6170084869237,8.64764292106476,19.7734799189937
704,-41.4757742327145,8.17721517119935,20.1901938191358
705,-41.7088583122519,8.01007813358935,20.4145529564311
706,-42.3265787670517,7.37569330080358,20.438576452173
707,-42.7306842038357,7.29746817598641,20.6321729182873
708,-45.9972663583136,2.6140418420182,22.7205090190958
709,-44.4279728781419,3.87224194613637,22.9606125999977
710,-37.9198196222913,8.5138434398455,22.1856551937044
711,-35.6663540794603,9.90052280548099,21.2657576378243
712,-31.8331838173206,10.5165787918746,18.5911023284395
713,-27.7259606135656,9.88739944051798,15.9884401583353
714,-24.9336338434309,8.14382104854536,11.4253529768703
715,-24.6810840278899,7.53422390140294,8.35696260588974
716,-28.3117967265926,9.70076789622854,5.82017304623074
717,-32.8714328188672,10.876723429166,3.96897472203606
718,-37.3210069198188,11.040535455998,2.33834666654729
719,-42.3781551156866,9.98873394604189,0.500505761672756
720,-43.0070180559331,9.25405566073405,-0.603840481852863
721,-37.9171411088241,9.30208229592358,-1.10795838154123
722,-33.3306297450292,7.94026095715857,-2.03356375592906
723,-28.7982130569678,6.07121381610055,-1.46863331687363
724,-27.1856590391986,3.90906406870276,-2.37305341936137
725,-29.346169546669,3.62545873410329,-4.43796604188972
726,-35.1349593970683,4.31224725771454,-6.3763203286482
727,-41.3292096905446,3.93762945255344,-7.29491084177752
728,-43.2878435437545,5.66452826140966,-5.69523143014113
729,-47.5116941874068,3.54387075520192,-6.46833722684129
730,-49.3352697662235,0.0804305774818737,-7.7676658540026
731,-46.741146770179,-2.33993298237304,-9.64494181841638
732,-46.6025816692488,-7.05441819115973,-10.8272804038216
733,-45.2347062967282,-9.50395492851553,-11.2345675634968
734,-45.6019032126065,-9.08291035824859,-11.1521799014892
735,-45.3676227255177,-3.4664184680999,-10.3555480816055
736,-44.0375227284268,3.28942141793505,-7.71925065588137
737,-43.6007124754803,6.91654406043154,-4.59238476535338
738,-46.366683128281,6.44571325833153,-4.37530946290073
739,-49.2660885151961,2.14757267900479,-6.79368532024679
740,-51.5778738433181,-4.44780765815817,-7.96535024729438
741,-48.4585656064855,-7.21505309899059,-10.3354279414513
742,-44.6010564993672,-11.0987065658485,-11.3372981315997
743,-39.3670311965645,-14.7030689216805,-11.0870499757217
744,-33.2897573160787,-15.830298275758,-9.23638093574215
745,-27.1058880919268,-12.3220715803684,-7.31037461319864
746,-25.3950103289022,-8.64523452599127,-6.45810418559444
747,-29.3091171807998,-7.31712518243812,-8.50990431577507
748,-31.4348151572556,-8.680902729385,-9.44012944350706
749,-32.3607701741033,-13.2188344398445,-9.40171957200951
750,-26.4790726465088,-12.6631980668768,-6.8237178156446
751,-23.3158126649638,-7.96759886309628,-4.77871490136223
752,-24.5967851742924,-3.71310622146285,-4.68284443326809
753,-28.7227068890655,-1.12209498869459,-6.58797276160085
754,-30.3688640870928,-1.49000821000246,-7.71868339360753
755,-29.8488180221147,-5.61026756243627,-8.32589737165799
756,-26.8637246895007,-6.84798988674939,-6.84564235685311
757,-24.4667802057236,-2.81514042832834,-4.20153749721606
758,-24.3225572073563,1.22656330145694,-1.52977057680152
759,-28.1391435598042,4.84165024567639,-2.38006148180596
760,-33.0505457642803,4.79356491323663,-5.54689150329022
761,-31.2302211876953,1.98292382502863,-6.22024876132745
762,-25.4519940954068,0.576968496905138,-3.28510582099318
763,-23.3800990003056,2.8341445952874,1.95018181643985
764,-25.367579675686,7.53771180872302,6.68986523476558
765,-31.2411849002599,11.1261903066031,6.77020013914741
766,-36.3907704491548,11.7448385259325,4.75785553707419
767,-39.6025163940541,10.6074164912564,0.806542953562897
768,-39.9474479715348,8.10470325849999,-3.40409475595949
769,-37.1829752397824,7.70383722158132,-3.5219632794528
770,-38.2411785702629,9.25002768115554,-1.69018711500613
771,-43.3549978119106,8.047275132907,-3.07713746068175
772,-46.6514515671387,4.55721045664409,-6.25450305574145
773,-47.3956998017063,0.393019860325143,-8.52881976448946
774,-46.3620363168743,-4.42865717051035,-10.4429431480355
775,-43.1943025884062,-4.63764385947466,-11.0258524948783
776,-46.0948234241184,-4.52765516851067,-10.6152703454169
777,-50.195138907926,-10.4608676987525,-9.66580420442846
778,-46.9869496913894,-14.9797892943526,-10.6428172296417
779,-42.8075937151937,-19.7506613367676,-10.1014900142767
780,-36.80596165482,-20.8123086741239,-9.00929165022651
781,-33.3377961610837,-20.5573222533201,-7.7889613904508
782,-39.1056742907861,-23.5460461546586,-8.51069620835181
783,-43.7855818979339,-26.7147830211895,-7.76869733293162
784,-46.3211587718542,-31.8722203260006,-5.10378129999267
785,-45.0170048482054,-35.1734788522725,-4.39057319774955
786,-37.1987632684856,-36.2020725438165,-3.73852943870077
787,-31.330118152115,-36.501608252777,-2.44139158134621
788,-26.1410635666024,-35.7050772355382,-2.59152490269228
789,-22.6699440623668,-36.5424634382415,-2.77647601730801
790,-19.0293242588971,-36.7921485122902,-3.95075889081232
791,-15.8693974202413,-36.4861840314486,-5.96330645711268
792,-17.5443350708558,-35.4660980397868,-4.91501833743808
793,-23.0020789859252,-35.2959507466926,-3.00948117994482
794,-20.9168444012454,-33.9197757522627,-3.5998516663725
795,-16.3463591711027,-32.1570154170382,-5.42090481813085
796,-12.6788319204572,-31.7180101602559,-7.36459104575699
797,-10.9627933509386,-31.4443179693107,-8.00318589128285
798,-13.2374425284818,-32.8786448611598,-7.21700814119863
799,-17.6768518753823,-34.2837240121583,-4.72678848538901
800,-23.1456360558429,-36.5181328369088,-2.66865645194006
801,-25.1160081752045,-34.9031892982012,-2.7120932064905
802,-26.597098061131,-33.0078702866713,-3.10494726709759
803,-27.9034206603348,-31.8607758782437,-3.54380191456801
804,-26.92136284795,-27.3146511094574,-4.44580081030539
805,-25.2668635362982,-22.8748438084376,-4.32236343723963
806,-25.6942004356648,-20.1708934148632,-5.06035431555071
807,-27.2702314604318,-19.1431468803716,-6.13262337396896
808,-29.34390953475,-21.3559686536321,-6.35051609326215
809,-30.125915389828,-26.3215342693652,-5.50724098457707
810,-30.295657266744,-31.4804238505254,-4.33236604129042
811,-26.4138999561783,-34.8521362565307,-2.79314690912466
812,-22.6915751340643,-38.12207460847,-2.39117195597612
813,-18.0871338422291,-41.524378167209,-3.71953007872587
814,-14.8180190881413,-42.7069372743374,-6.52918239514684
815,-16.1573449756951,-43.587342819858,-4.84939278102637
816,-25.1554163888912,-41.8950061373207,0.141468498835392
817,-35.5695137980065,-43.7034039001888,1.36846916644927
818,-40.9909336642165,-44.3721255965687,1.48294991415106
819,-46.2722585825739,-45.079858663742,2.18815207245559
820,-47.7946763127391,-45.5428455050199,3.24791023668408
821,-48.3765125361659,-47.6944974763244,5.78341023836978
822,-49.4048624102823,-49.2832270629434,8.66393761175201
823,-50.2928896255265,-49.743250667418,11.461810339901
824,-50.2786201445299,-50.6933885340219,13.2750768780805
825,-49.5035289120676,-52.6621925019208,15.4983048441933
826,-48.7528801820023,-53.8417510082427,17.2714286216885
827,-47.9153591097699,-54.8609373355766,19.148638772603
828,-47.041104438608,-55.5790802045726,21.0578403529624
829,-46.1990619062476,-56.0670860854002,22.8295671752066
830,-45.162563382938,-56.3516859945064,24.2706689684635
831,-44.4576713424417,-56.3852441121963,25.2837344241998
832,-43.4001458644063,-56.4451640489829,26.0805715137576
833,-43.1695410126121,-56.2773991328219,26.3626644319416
834,-42.9137802052851,-56.1715228124225,26.5730845854767
835,-42.8084458013453,-56.1918272290701,26.7057209287551
836,-43.0493892085263,-56.2737058946447,26.6025601288692
837,-43.5709989650559,-56.3435561767011,26.1895901101336
838,-45.4194467570847,-56.2437808210307,26.1634369723539
839,-45.7480240039017,-56.225867611052,26.5628317874412
840,-45.2202162694029,-56.1450634170957,26.8624809907664
841,-44.4376208826967,-56.2354010315201,27.0421564259316
842,-43.2543632368573,-56.0538516624423,28.1824817105274
843,-41.5398370541291,-55.1482454230023,29.2356568032765
844,-41.2009049468612,-55.0330711330802,29.9695235336996
845,-41.0153885862189,-54.6491270727744,30.4509494643469
846,-39.8615072588458,-54.6324927974347,30.4230104903012
847,-38.2572874347367,-54.6412324737355,30.0448552463799
848,-35.5050548478816,-54.3678215091917,29.6976388968896
849,-33.6820448981278,-54.2566838770724,29.1030112048049
850,-31.7191975138846,-53.9894953654755,28.9361612712386
851,-29.2600622138431,-53.8835876388687,27.497781429801
852,-26.0646168421011,-54.2191584645535,25.1921964629906
853,-24.3647412910318,-54.5076402400288,23.9450791065153
854,-21.6346707564523,-55.1028913772375,22.9170283103715
855,-19.3417981875162,-55.6683426917956,21.7823481645007
856,-17.4431059076419,-55.9226210026431,20.910333648015
857,-16.0036441449502,-56.5218995579381,20.4987343427571
858,-14.4104869375114,-57.2836957888804,20.3428022089109
859,-12.9131326657689,-58.1201195362881,18.9954617364729
860,-12.0123689553636,-58.663147480986,17.0570218983798
861,-10.4599920079695,-59.4211456700726,13.6800446519421
862,-9.93059288684948,-59.7518013553623,12.4045428000221
863,-9.35018742920263,-59.9573257319492,10.1961737654359
864,-7.68305534872529,-59.8445197692013,7.17350068286812
865,-7.5420900849726,-59.35825393684,5.71481100312346
866,-7.73358327842621,-57.8196050958142,2.60564816341885
867,-8.08132531622998,-55.3576597873961,-0.769614939241765
868,-9.13127878232843,-53.8251563691651,-2.23819545162303
869,-12.2906928498822,-51.3617952180228,-3.02974002010034
870,-16.7618103333079,-48.1564130502804,-1.05481639554888
871,-20.4040259839005,-46.0083081693514,0.271118564281639
872,-23.8374397695532,-41.7668291999513,-0.505607982604405
873,-30.3014369765014,-40.2634235313565,-0.42261722980281
874,-37.6379692036685,-39.5538205770664,-1.98630883839742
875,-44.6093292058635,-37.9837490289042,-3.31095443860028
876,-48.1151132304357,-33.6808646238204,-3.40709861739157
877,-48.200642743914,-30.6583614605534,-4.40622508587332
878,-43.2301547004862,-31.2326582875839,-6.25658289115305
879,-34.8270009529422,-33.8759569858775,-4.45701857996782
880,-27.4108490726174,-37.1459024944212,-1.98839457723264
881,-20.9679760459588,-37.5419342957807,-3.01826245922311
882,-13.3873850453319,-37.0955374149861,-7.65224197910538
883,-7.66714942746241,-37.703518611892,-10.6279196973435
884,-3.37294640581027,-38.6476964513689,-13.1943271133571
885,0.647779292273064,-36.9387540590303,-14.5591257847353
886,7.18066046181533,-30.944991429431,-16.4427526213608
887,10.2257801821999,-27.9307063990358,-16.6987347187642
888,12.7680423475757,-22.9962963039731,-16.9475135782475
889,15.9901432706136,-16.3290008970029,-13.821838251632
890,15.1353404726204,-14.7557444259541,-13.4879598166369
891,15.4899588116522,-10.2387627112589,-11.4541150655666
892,13.7438126811849,-7.77116804545136,-9.53207143187869
893,13.5252151022556,-6.85590458203437,-8.69135229689383
894,13.2969424379031,-6.8138214574104,-8.66270661513518
895,13.5264506819698,-6.76975057518771,-8.55323646394372
896,13.4634680280756,-6.76993517386296,-8.54169741629052
897,13.3618093245205,-6.72273687217556,-8.50651470203877
