1,3.61437618838527,-43.4183450047859,-16.1198947341026
2,3.76141120166106,-43.3283158069346,-16.1654517109562
3,3.86472456331769,-43.1918373424205,-16.205451491751
4,4.04033821695034,-43.2366877994854,-16.2123982879777
5,4.17702348899345,-43.3433169809528,-16.2431772645963
6,4.08879549361151,-43.2583728066379,-16.2437295950959
7,4.07407664151987,-43.2182230867308,-16.2272566981537
8,4.24412307846436,-43.3653799129603,-16.2326478555714
9,4.7381423236068,-43.5968080323831,-16.3138010739778
10,5.17032218068528,-42.7208140567881,-16.1686953550818
11,5.61186482579547,-42.6117948177632,-16.1612941522782
12,7.0880743177418,-41.3942499674401,-16.5592760768467
13,8.47590315337843,-41.0649204105071,-16.8685847473897
14,9.67747587169344,-41.6586803093001,-16.7760044312699
15,12.1663918426965,-41.778932796646,-17.5128434665779
16,15.3741133870708,-40.2432425475365,-19.0756199401143
17,16.7721557629507,-38.4897750768674,-19.7994497230382
18,17.0784679243319,-37.7272860957008,-18.6342101854712
19,16.7314662331034,-36.4121487097907,-16.9532570490329
20,17.510399742098,-35.325643049168,-16.8292865101255
21,18.3611449109875,-33.3335664109683,-16.54756641676
22,18.8373833980399,-31.7217778011119,-16.1956624350697
23,19.3397499493863,-30.3208389630207,-16.0531855680024
24,19.4837893834884,-28.2656053599567,-15.5612802956729
25,19.3238364895601,-25.9892418543968,-15.2425515939895
26,19.0293695662844,-24.44551520202,-14.8609773446818
27,19.3616454818108,-23.0540757498137,-14.5377274416981
28,19.1916761171761,-22.9473615289631,-14.4276253532765
29,19.6859496573757,-20.3066391683491,-14.418461037479
30,19.8120271360554,-20.0549958322812,-14.3242265055367
31,20.120385027605,-18.9611795079049,-14.310732051687
32,20.6662721864483,-17.5953924763625,-14.3957859923196
33,20.7228972161613,-16.3785730683261,-14.4577948556541
34,20.7549199469482,-14.5353163517907,-14.5509689536095
35,19.7326349726903,-13.0965745717401,-14.3574337331257
36,19.1356700970094,-11.7730763411029,-14.3710737666776
37,19.1850766891622,-10.0492513057671,-14.6068447691293
38,18.7928375754066,-9.42508568798763,-14.5603060120939
39,18.2768957036595,-7.96917446705595,-14.5753892411558
40,18.0044069313051,-7.13951967446561,-14.7284351108798
41,17.9258712374076,-6.36745976522026,-14.8895435284389
42,17.1433175259025,-5.04970863784977,-15.1096386230379
43,15.5516031448008,-4.16133998119213,-15.4796985869652
44,14.4027495688888,-3.67560022737578,-15.8021752192846
45,13.6099828970964,-3.22565198291396,-16.0470568744795
46,12.7654439645224,-2.85612598497199,-16.0450542720066
47,11.2926785630061,-2.09553446384335,-15.7788566260203
48,10.2569654245557,-1.10532921119936,-15.4328919330285
49,10.1514521310879,-1.34655596350266,-15.218470458077
50,9.70769610805444,-1.27067502762685,-15.2232165798315
51,8.31985239963684,-0.402005288069545,-14.6164204413764
52,6.93881429504991,0.184833745635646,-14.2636423720621
53,6.25535120086091,-0.110523129717909,-13.6991585806507
54,5.40971008213379,-0.584339591176417,-13.0449504357001
55,4.24606688681019,-1.80252414430517,-12.3418427263073
56,2.91734944074468,-2.99855850610956,-11.7370194488331
57,1.47368561176968,-4.56519619034711,-11.7460694636272
58,0.177906968326035,-4.40702705725452,-11.6381853785866
59,-0.16341212055152,-4.83950716479854,-11.8603617294636
60,-0.809581117594142,-6.15948226341134,-11.8855112299425
61,-1.56567735481807,-8.05117341338089,-11.8477563348399
62,-1.49806282099772,-10.2957682007517,-11.179082596513
63,-1.34821643192923,-12.2714155306569,-10.5278798108224
64,0.142692751543308,-13.2075909408927,-10.6412995637941
65,1.76853678592777,-13.6061221144791,-11.3617868268415
66,3.66849080122,-11.026600588684,-11.5682967713483
67,5.65814114200808,-9.85877050068723,-12.3697717318274
68,6.79637940263162,-9.1686973217293,-12.9253901483203
69,8.02710424379583,-9.11917002426734,-13.4276471985502
70,10.3486226974125,-8.94052456717825,-13.8770177976814
71,13.4030078235447,-9.23298466421196,-14.4659078808971
72,14.9471881979654,-9.2395472104767,-14.6424359394434
73,13.4628806638405,-6.61150953371587,-14.8344012327668
74,11.0537913878333,-5.17464727664636,-14.6491661422446
75,8.95745769988454,-6.3894454490621,-14.1684910844505
76,13.0625723603131,-7.67145093894326,-14.6848080185601
77,16.3999002313234,-11.2376678754625,-14.2778248101338
78,18.7446771020552,-14.2259152643718,-13.9324291452198
79,20.9759114470808,-17.6960332318809,-14.6994220288994
80,21.8498372097503,-18.9496603311406,-15.5920435121739
81,21.4736718991623,-18.1944836371061,-15.1644829040428
82,18.3024566396962,-16.9250239054292,-13.6738595479081
83,14.7536375807778,-17.5535781706828,-13.6494764907189
84,12.3291211958661,-16.5356043442605,-13.6833181494436
85,12.5088500355228,-17.257751298968,-13.8630447869393
86,15.1270362479623,-20.1284639157567,-14.1304562100252
87,17.6376953494409,-22.012755891599,-14.2574649120021
88,19.4680447313293,-23.3375657077883,-14.4801716649456
89,21.1412264355244,-25.0456897960972,-15.596672643025
90,21.3303380704911,-25.8859268113508,-16.2450852731949
91,20.2654755098186,-25.6260772164323,-15.1163495857213
92,16.8182977376936,-24.6930398321039,-14.9463562026284
93,13.5783598727316,-23.988465241811,-15.3031039433546
94,11.0124635090271,-23.2012368506739,-15.2044003480554
95,9.97284114566055,-23.8594438757374,-15.5428505906367
96,11.7233819288941,-27.0839023441212,-16.530716439104
97,14.5791160462596,-28.2711025885819,-15.9905021246815
98,16.4616932948657,-28.6756580337837,-15.7384407245139
99,17.8212065162849,-31.2264848786873,-16.50786194494
100,17.051527123536,-32.0211414806777,-16.4971530312944
101,13.7537721042418,-32.4903026589255,-16.8554715832969
102,11.2479385092481,-31.3219786778068,-16.8063533028438
103,9.51709638192144,-30.664156340942,-16.8298707010062
104,7.95940293587407,-32.8255032277487,-16.7600637204182
105,8.4453571185406,-35.7364576654492,-17.0194829345409
106,11.3368894737353,-36.4528731304707,-17.1455116463281
107,13.5043194236438,-36.2864103005734,-16.7619310331868
108,13.4503199686045,-38.3239459911228,-16.6033908972194
109,12.4695939246186,-40.1042469290812,-16.6007590846415
110,10.5578988532666,-41.4484283314282,-16.4471443899766
111,8.49846442938807,-42.4617693266591,-16.406302554916
112,7.04770200736932,-42.4968369430614,-16.1905315753023
113,5.62358915516006,-44.0267530478783,-16.0287914706992
114,4.72798372772408,-45.0668697352241,-16.0908288551201
115,2.27922584361598,-45.5641052449083,-15.7071132811715
116,1.35409283055382,-45.783190238206,-15.6840885612437
117,-1.91019250476359,-45.6220696502878,-15.1629614725193
118,-3.2477320727798,-45.2215574515199,-14.5660725078791
119,-4.95611085039771,-45.1043402368243,-13.871090759947
120,-6.88345635543643,-45.1319605873004,-13.3283444605256
121,-8.79722765354403,-44.5307242367163,-13.2924066560005
122,-10.117100689221,-43.010834842954,-12.1056163889044
123,-11.0348218952365,-41.2010493022957,-11.5635226854197
124,-11.8860881423961,-39.6231589868882,-11.313504901203
125,-12.5646596700323,-38.4513255656697,-11.1153948502209
126,-12.5359110050734,-37.0227864600491,-10.9170238312805
127,-12.4098424179646,-35.1909457196043,-10.5887422481388
128,-12.1696274401163,-34.0844249562042,-10.0479007446283
129,-11.7929263804329,-31.6956185110004,-9.54193179320252
130,-11.3856911448664,-30.946988049552,-9.24831249649203
131,-10.4123971249392,-29.9691152707806,-9.08049155342613
132,-8.65699260977748,-28.0984612911168,-8.8539746427708
133,-7.42724895033788,-26.7550419508646,-9.18405836295189
134,-7.02297420415197,-26.4656487554628,-9.33998602417129
135,-7.3438169256126,-26.6446896726438,-9.34205028413388
136,-7.66501747941914,-26.7901733021449,-9.19554211832479
137,-6.27752926516482,-24.1073939585698,-7.9808501500857
138,-5.64743422400048,-21.1887967300818,-7.21028071053108
139,-5.84278274458052,-18.703784048699,-6.98857095988517
140,-4.55230940515518,-18.4935888476261,-7.89581663226414
141,-4.84537781545855,-17.0326863731375,-7.62072336799307
142,-7.11235085016635,-18.9710442156914,-6.6095358021996
143,-8.84589863830284,-19.942350455747,-6.17356009422025
144,-8.81075153523191,-20.7656249529274,-5.87175883148044
145,-9.29780542093616,-22.9463767238483,-5.81787482656168
146,-9.73807886911741,-23.138922207748,-5.65698542375065
147,-10.5067785068106,-24.3191200187283,-5.34919575913408
148,-11.1680736357097,-27.277540605058,-6.53622710483613
149,-11.9654604898582,-28.8479743273876,-7.88900696992534
150,-12.8840317154185,-30.4025996123383,-8.63584613330054
151,-13.9765746925556,-33.2274572692691,-9.65350778851814
152,-15.0836019672487,-35.8099202977351,-9.82403627107394
153,-16.7011808065488,-37.1694028952379,-10.8454791626113
154,-15.5770404254854,-39.7791610301305,-10.4188964220846
155,-14.8822831423125,-41.4095406009392,-10.759742635461
156,-15.0815092313096,-41.7370152317497,-10.8316411924847
157,-15.2738331211562,-43.8781528900626,-12.8388640089747
158,-14.4133330317859,-43.7920579274065,-13.0325821289904
159,-12.3074131740002,-45.2253778187415,-13.4912685293275
160,-10.5884600564092,-46.0601037643065,-14.1520489223462
161,-9.06374617856545,-46.6699832212848,-14.9273506670183
162,-9.51484725457551,-46.1748671865667,-14.6431537091067
163,-11.2061240259747,-41.4057085385438,-10.7867539929564
164,-11.3607733663335,-36.4226437932312,-10.3766724154015
165,-11.9714635227159,-33.3025234327464,-9.98575959829073
166,-11.5272165864416,-30.8017186276633,-9.20069589305646
167,-11.2854322243061,-29.6792891462423,-8.63652094431195
168,-11.4447288954214,-28.8603592132862,-8.0613003374031
169,-11.3703788416687,-28.1218407254586,-7.56696957171559
170,-10.9562501844765,-27.8980635764608,-7.43882442816639
171,-11.1074412450458,-27.1438797640896,-6.5285782488372
172,-10.9918643146124,-26.6844368718881,-6.11246009595965
173,-10.5939562930162,-25.4529989528336,-5.21310984552218
174,-10.2714820447625,-23.9547987818579,-5.55341526896226
175,-9.51574877438177,-23.8764343167228,-5.40910372962338
176,-9.36463287518511,-23.3582519652201,-5.43827927622878
177,-8.7631088567649,-22.7062548585226,-5.5975547776522
178,-8.29191222034592,-21.455169734296,-5.77938063536181
179,-7.52050067387592,-20.2846661339642,-6.20074255789898
180,-7.38012130413006,-18.8525783010853,-6.26944067826905
181,-7.20246535362277,-17.3057347781672,-6.05031672319668
182,-6.48388019467288,-15.8767380714569,-6.43865244190862
183,-5.91307710343306,-15.3276018482078,-6.46573169519321
184,-5.07654606483793,-14.6132984687549,-6.70043656108861
185,-4.2462429632622,-13.9801106722121,-6.82798983015476
186,-3.66349121067422,-13.7390788938112,-7.08294831164575
187,-3.74170850682624,-13.742010593466,-7.16997387478968
188,-3.15669647681244,-13.6162912393218,-7.41503568769637
189,-2.7135062151931,-12.4191358260001,-8.15820545460843
190,-2.53717160966067,-12.4138500920407,-9.62223290121982
191,-2.16660035096199,-12.8377300745225,-9.62386956920451
192,-1.58202862685803,-12.4638739043785,-10.2009371436075
193,-1.0033899966462,-12.0432552759704,-10.4237760102734
194,-1.07480253568035,-10.8633318168496,-10.7348732345151
195,-0.878472672887142,-10.3352474086098,-10.8509834629491
196,-0.562925936628574,-9.08207132468252,-11.1951937243295
197,-0.397552982220283,-7.9507418746484,-11.5405138993245
198,-0.761199429550906,-7.19476934364775,-11.7229060215315
199,-1.72432410811027,-6.90516042079753,-12.1298661984796
200,-1.93262624389284,-6.0765768894523,-12.3807840128993
201,-1.94696185510622,-5.595236704142,-12.4679977620465
202,-1.51137379485834,-5.03429500441402,-12.0740338214568
203,-1.2440758262367,-4.44257794402449,-11.9297321342576
204,-0.436648794053099,-3.33499779319021,-11.6677617025709
205,0.865384991833444,-1.41399234247006,-12.3879330961362
206,2.87016643848668,-1.0678219266551,-12.3387930723228
207,5.67050702833575,-2.62779705276521,-12.6635470276947
208,8.47352601654812,-4.41100875819531,-13.7105599050656
209,11.8460601087282,-5.24346645453303,-14.732674983155
210,13.988862560912,-6.80064112001254,-14.7836856469358
211,15.7382916864655,-9.84457967424744,-14.4459912287493
212,18.0029105983,-12.5284617304627,-14.2341487595492
213,18.9175399922666,-14.4461708011812,-14.0424560763158
214,18.1238294062366,-15.9158695221486,-13.7070307799131
215,15.8796861213744,-17.8418724388106,-13.5372263374828
216,12.1890539758987,-17.1038609984709,-13.8864580228795
217,9.63453522492037,-15.4689514693683,-13.6036137456119
218,7.77743855665535,-13.6683764215743,-13.4291994266559
219,6.19638284300486,-12.3344786209487,-13.0665998122268
220,4.17868150907418,-9.96224053037926,-11.9340063572137
221,2.80731066766172,-6.73137143320646,-11.8674375649992
222,5.36100682203032,-5.57133749926485,-12.8986760410085
223,9.37746180598118,-6.07943850775295,-14.3909593832474
224,13.8542594968346,-8.25723158358968,-14.6986701968901
225,17.0062357301603,-11.5683253316261,-14.2474496732119
226,15.1633058654417,-10.8455330126869,-14.2562962618231
227,9.77625292251249,-9.59263796991876,-13.6853383614988
228,4.77213877159282,-9.06039801270382,-12.2116550382676
229,1.63177190143632,-9.06499273374932,-11.3458795570981
230,4.14082212700419,-11.5609339041705,-12.0414679516749
231,10.4819988060568,-13.0740520268445,-14.0334570927236
232,15.3780763135009,-15.315547077091,-13.6230830374865
233,14.843508485417,-16.1113019062575,-13.6788670040705
234,15.405106263073,-20.5891257710449,-14.2465070389794
235,13.9267876709368,-19.6641540509435,-14.2462948140533
236,11.8226731216198,-18.7753375221679,-14.170770301335
237,8.54257675029535,-13.7026208332594,-13.4573140554642
238,8.97620858101482,-11.9013301461947,-13.908885661661
239,11.5688133764515,-13.3494230593296,-14.1759492157628
240,12.0905954468215,-16.6016519491038,-13.8022430741951
241,12.564930264081,-21.9117067582061,-14.9023090108922
242,13.2959370462117,-25.3973454175876,-15.9520997666251
243,13.4750756196578,-26.9315834854708,-16.1866729529599
244,13.2901357592563,-23.5616223030146,-15.3261687587883
245,12.9474485477253,-19.8600133009429,-14.3040305634447
246,13.0361853999783,-16.2216774106395,-13.7134818996034
247,14.5586902447063,-13.4807807002374,-13.7217746363005
248,15.0914920384335,-15.7060773197039,-13.7832569145455
249,15.4442288608619,-19.4561567500149,-13.9073144221908
250,15.8868501867523,-23.7832415847208,-15.0154376202517
251,14.4748950278484,-25.6023772895864,-15.831605302923
252,14.8867937979337,-21.2120227846043,-14.5755232667741
253,12.7660310669988,-13.5853821354216,-13.5813135352524
254,11.5014660038444,-9.07866128543941,-14.1432311338013
255,11.3756911463933,-7.29691722462701,-14.6038504629261
256,11.3013646008163,-13.5366821842668,-14.0131452822617
257,12.6589281644538,-18.6526975695202,-14.1049184087666
258,11.7201309982168,-24.6508355035248,-15.6950850534631
259,10.9696287558591,-26.7281295203848,-16.8511556260598
260,10.9722706947837,-23.7642674393076,-15.3492497323736
261,9.85693926409348,-18.4458059592093,-14.1260888658076
262,9.49190314611623,-13.0048904714916,-13.7997339392978
263,9.65738435284308,-9.18173071507424,-13.7003575577005
264,10.248088891758,-3.50490065243253,-14.4305548224717
265,9.48572941021008,-7.21456100180339,-14.3443135032406
266,8.30324127079709,-11.8197084685759,-13.713558892873
267,6.66547688617971,-18.6373429478648,-14.2951278988561
268,4.49960577702921,-26.4972664478577,-16.4019629567901
269,4.10711607604487,-25.9900165038004,-16.0099816616087
270,4.46839437163128,-20.8542224967641,-14.9587355325038
271,4.85114636309838,-17.1355982663155,-13.4998504012938
272,5.58936455291046,-12.1338054069189,-12.5197372881027
273,6.32067904152173,-5.5568565137001,-13.3330937348082
274,6.5869276476798,-5.21100220951815,-13.3553766997636
275,7.09184905282245,-1.77647685905426,-13.3652873181379
276,6.36309100516488,-2.92120094128789,-12.895799585633
277,4.97886135755908,-9.14597523002308,-12.4072113270344
278,3.84557982262321,-15.3560131167665,-12.6226880014213
279,1.81563840973296,-20.1005375978397,-14.2913229065586
280,0.621882279558271,-23.6241928853322,-14.6371680301394
281,0.0579316916516532,-24.3855720637895,-14.8515550963622
282,0.662708132218974,-21.1840641376079,-14.1435998944611
283,1.50172902876687,-17.9227231139554,-13.2264809551219
284,2.11712819250168,-16.4231808464621,-12.173125202141
285,3.73943201482417,-10.3836710111543,-11.6514180819305
286,5.35116429348827,-5.29766026791547,-12.8703220062256
287,4.21295461851462,-9.49640210150889,-12.0310631796034
288,1.07538958782298,-16.4337394706424,-11.9672893816985
289,-1.17125017318114,-21.6996193255554,-13.214462182366
290,-2.48293269865579,-24.5617254852564,-12.8377104348157
291,-2.5760793625486,-23.4893476313409,-12.4568819884824
292,-1.1292974014786,-16.9137960347072,-10.9945628187818
293,-1.34264466847771,-16.9151825583487,-11.5278364277567
294,-3.54401805108257,-22.5670972181464,-10.9377218492497
295,-5.36172691772524,-23.4376865430356,-9.45047445409992
296,-4.04817041877448,-17.4400545546009,-8.41659446231819
297,-4.75749733418279,-19.5726214979499,-8.17489974394092
298,-6.60387023288487,-24.1679784658829,-8.44044872463161
299,-5.84655846913439,-21.4926073993532,-7.46117641144455
300,-5.79128526262492,-18.2480490119918,-7.04561227749021
301,-7.15390189606886,-20.1745021698443,-6.90050588971107
302,-8.10133240797598,-21.8925208069029,-5.89686882183204
303,-8.99543768831025,-21.1164706598051,-5.88584407256052
304,-7.94361300551742,-18.3048587857179,-6.01354937855759
305,-8.3973930676247,-24.1794635410505,-5.97200046810242
306,-9.49284492738799,-27.8330549778274,-8.14728545748098
307,-10.6484225450806,-31.7063066757318,-9.87733559533377
308,-11.6980533342954,-34.6496745252537,-10.6285130943335
309,-12.5270496582559,-36.0025716486082,-10.7732045360146
310,-13.0347976821945,-38.6050832564453,-11.0817988019143
311,-11.1183778917741,-41.3405467257816,-11.5227934448751
312,-9.51871729328951,-43.7682725754556,-12.5294388169709
313,-9.93056767240246,-43.1064616697132,-12.0701070145211
314,-12.4803598996434,-37.991263425931,-11.2204495344947
315,-10.048572890461,-39.3294043626247,-12.1602297858607
316,-4.69120480565001,-41.879282276074,-13.7306151891709
317,-2.74241022357319,-45.0625714752339,-14.708456201765
318,-1.86089701826708,-44.7733732537345,-14.9049208695238
319,-4.76434267048228,-42.1576935720359,-13.7244462292768
320,-9.2512820130116,-37.1090488046228,-12.2276962486999
321,-10.7028770261,-34.0273394599214,-10.8797555431222
322,-10.4808961388962,-34.290470790138,-11.1267097393566
323,-5.70996020208764,-36.1866961880796,-13.84902136978
324,1.38240791125761,-38.8609920454589,-16.0426985412283
325,4.13861195211002,-39.6516333358237,-16.6490152823556
326,2.42339135962092,-39.379059322477,-16.4966357574932
327,-3.01298226082553,-35.2883131415947,-15.1829298600332
328,-6.39431777367592,-31.9454768671582,-13.4032351892311
329,-7.82548305209312,-30.700936978193,-11.4383728774384
330,-4.77569026591443,-30.6050788549504,-13.3117030276679
331,-0.281411805176191,-31.8567800073545,-16.2919858740429
332,3.57423979939153,-34.300651056044,-16.779362653376
333,2.813045710727,-33.1671089871178,-16.6953020334885
334,-1.21819016435581,-29.4694258174211,-15.3109713409626
335,-4.28901442956809,-27.1643274215808,-12.5274928676143
336,-2.36963325661182,-26.3068626677605,-13.8069171635328
337,2.29920542502266,-26.9995515828285,-15.9115094778485
338,6.99418964867144,-27.6042186661548,-16.4407394288431
339,10.7283351464758,-29.5808623932597,-16.9127858435854
340,9.05620396465631,-26.5142054870885,-16.5083155593051
341,3.1595086053445,-21.8609561167863,-15.2043070199607
342,-0.642504550844698,-24.1432686870927,-14.3439354933055
343,-2.44539813056456,-30.8928291859523,-14.8322400376842
344,-4.22035457267032,-35.7882018574843,-14.7094719844019
345,-6.43164405803242,-36.4954348234463,-13.4014139671471
346,-9.38881851375681,-35.2971843272135,-11.9709216781079
347,-12.4453973237333,-36.7482953055378,-10.8616890525143
348,-13.4502597424694,-39.5508750487068,-10.8718711959976
349,-12.2266297372753,-41.3968590603006,-11.3498602943495
350,-10.8100451990231,-42.5968052052811,-11.9127250333265
351,-9.3433005564832,-44.7972448676775,-13.0396796777265
352,-11.0374679044338,-43.3151859327645,-12.0162065986655
353,-12.8631272868245,-41.2139172353791,-11.1746379972631
354,-12.9939961816196,-39.9797151772245,-11.02160311658
355,-13.4639172696772,-38.5004663568192,-10.8156944803263
356,-14.498563472256,-38.5494661059285,-10.4126989749601
357,-13.4766855602513,-37.5055078058526,-10.7389145577957
358,-11.9223688706078,-34.317856626872,-10.3082328695552
359,-11.7769028143739,-31.9577679100838,-9.68998917444808
360,-11.2876233215694,-31.2185409937459,-9.46404782890739
361,-10.6461859749836,-29.1891162437838,-8.5680028800852
362,-10.7475702090698,-28.1113197194619,-7.6674605161003
363,-10.9411071732142,-27.8096331882072,-7.48299180485193
364,-10.4735919780756,-27.0679215210516,-6.6572839701067
365,-9.78220896041343,-25.8837382103642,-5.95116762390363
366,-8.6475470166241,-25.2101079575812,-5.92962353667608
367,-8.18350868188444,-21.7967508673085,-5.74235290814301
368,-7.75122761792196,-21.3077341163394,-6.10483818771267
369,-6.64113309299949,-20.556781175524,-6.7429282796001
370,-5.58469861089124,-19.127167590349,-7.23155041346888
371,-3.74727144350781,-16.5693694640319,-8.5761804790399
372,-2.24085903957985,-15.3710254950467,-9.87166919882342
373,-1.38876765847468,-13.3572238624383,-10.0848490963921
374,0.341204972739661,-11.2896904869029,-10.8222776466047
375,2.7092098674649,-10.7154026485945,-11.4416663667945
376,5.15492542560756,-10.0521836904721,-12.4269132313651
377,6.79887952180108,-8.96451407104443,-13.2447690028576
378,6.90450006038605,-8.87376028014304,-13.2623203654348
379,5.64880407570794,-6.03969208475158,-13.0358503739636
380,5.79896441144609,-5.62819698816848,-13.2065070734566
381,8.13039912830855,-6.0872440925022,-14.0960482590748
382,10.852273631668,-6.24375534416951,-14.7124067308223
383,13.4130209566449,-7.38690810419704,-14.7738087503432
384,15.9484903895834,-6.68443347298066,-14.4632925785528
385,16.2706294563734,-4.44516595510931,-15.5659749522237
386,14.327563216238,-4.05257656041436,-15.600096331358
387,12.3991199655413,-3.34160273927916,-15.5351338802574
388,11.1024742134132,-3.12250228153955,-15.1515931775491
389,9.31170737227946,-2.6956376659162,-14.5079021125447
390,7.49532566075259,-1.20538955997302,-13.7046483150819
391,6.02102162771242,-0.014402082060827,-13.8089326059361
392,3.88676535874131,-0.791131248621102,-12.6815293433046
393,1.97754055753126,-3.98781378437793,-11.7621898920609
394,0.682913596904804,-7.45646587978669,-11.6158972964405
395,-0.367445609111833,-9.77812334975656,-11.1452011748758
396,-0.886900065227167,-14.417459225557,-10.518589169648
397,0.631608156257165,-16.8326062878495,-12.0169212831354
398,5.2995849207275,-15.7631737504188,-13.1114494609005
399,9.51239195244389,-15.8834030116036,-13.6556816794936
400,12.5405502412684,-13.6440836782615,-13.7489812864224
401,14.8304905577925,-12.2452619165654,-13.7767196267286
402,16.4253173952004,-11.966181180974,-14.1428336715253
403,18.1470977685664,-13.2222796830008,-14.156515325694
404,19.0511790778051,-15.4124181343948,-13.9840846257347
405,19.0611639982804,-18.4067038430677,-14.0346762277033
406,19.7410383859696,-21.1781543466198,-14.5822507991638
407,20.7813613237354,-23.550357888176,-15.2891323200273
408,20.4448900790258,-26.5686518575104,-15.65147953052
409,19.3083823279428,-30.135822492077,-16.0829344217125
410,17.5500059979594,-32.8194687673954,-16.3035236022964
411,15.5541377716348,-34.5359417810241,-16.5075594421411
412,14.2190202432768,-36.7331069939775,-16.5825867072601
413,13.5606253151668,-39.1579234468771,-16.7364879302206
414,11.7836601900654,-40.9787647526451,-16.7212326394508
415,9.90790617572104,-42.2868016159188,-16.5689644209865
416,7.63962958695801,-42.8904897176416,-16.3048077168433
417,4.54632497080716,-44.2400057493873,-15.9737968652188
418,1.95230784606373,-44.8511022772944,-15.69125152883
419,-0.437568011488615,-44.7160973725558,-15.1082741047869
420,-2.7566968716361,-45.009353186915,-14.9237784277227
421,-4.87537194410606,-45.3023852889235,-14.1357780813893
422,-6.67333901241287,-45.2429416177967,-13.4468091407062
423,-8.71549162852234,-44.5240512049735,-13.0110268036331
424,-10.183925499866,-43.3640847011339,-12.3059887379921
425,-11.5681808720061,-41.8602696642911,-11.63533440913
426,-12.8133634422818,-40.0799845185506,-11.1196737525096
427,-13.6603417781883,-37.7030404017192,-10.6947413431162
428,-14.0096133324157,-34.9573405286781,-9.8861332061914
429,-13.454784416839,-32.2882085663793,-9.20612943784615
430,-12.3626488721773,-29.4123129109423,-8.24038073462229
431,-11.8867159167142,-27.871516185703,-7.35148532126269
432,-11.5721548026754,-26.9063846899972,-6.39353286179589
433,-10.7926375886363,-25.9463210549127,-5.71196768435998
434,-9.92980157619919,-25.1076302880919,-5.32182412376777
435,-9.02972546079794,-22.2596368429779,-5.84984004487757
436,-7.51427422054844,-19.1495058725914,-6.60654160126123
437,-6.70383096493388,-18.9476042647808,-6.88442104076337
438,-5.64905574855576,-16.7931671433929,-7.34426030940181
439,-4.50644175888406,-15.5470627696095,-7.63642018473851
440,-3.44975997013015,-14.4698000800694,-8.21911081190862
441,-2.54562700769457,-12.431058223525,-10.012786691025
442,-2.04492491359869,-12.0064859770726,-10.5759344776104
443,-1.05163612067913,-12.6460889163162,-10.5152319611144
444,0.163101308443565,-12.0622444679073,-10.840712865441
445,1.47609685950036,-11.5586704225868,-11.1437884755173
446,4.40955804319867,-10.3106067004488,-12.2263025296993
447,7.94337430509393,-11.701993963812,-13.6238986060503
448,11.7258510440991,-13.2317581956991,-14.1038787821041
449,15.0882117246386,-14.48197214305,-13.8376326458708
450,16.868126433147,-16.3063027024287,-13.6649468159471
451,18.648929104331,-19.0073657750584,-14.1288454883159
452,19.7937554647246,-20.7884648439609,-14.6714868889196
453,17.1649658529744,-20.5759199003628,-14.1510211452267
454,11.6638255909622,-19.6390479649259,-14.2654925116819
455,7.29269142063408,-18.1808211030657,-14.0400011207142
456,4.29623069395117,-16.8650981988932,-13.2526701138478
457,1.78019287753034,-16.4151412989297,-12.3359436550185
458,-1.0664651360266,-16.5296930612871,-11.9292371844923
459,-1.06681492351446,-16.6116473133563,-11.9847654018771
460,-0.208410858444267,-17.1043463245859,-12.3237191980697
461,0.270928389251011,-17.1105254337086,-12.1717471267441
462,0.842744204668556,-18.7279685984106,-13.5159961372795
463,3.11732659245061,-19.402599539122,-14.5804414428437
464,5.64465838812153,-19.9029658344551,-14.9149900610191
465,7.06385092763945,-20.6385605039877,-15.2717696875832
466,5.79637301785431,-22.4388580111113,-15.8105002271796
467,4.190229493291,-23.2293455658866,-15.883516174587
468,2.91602696954718,-23.9083472170152,-15.9862979043077
469,1.73636883297873,-24.4235588799821,-15.7785411298026
470,1.29912690825479,-24.4338139664381,-15.7678549488979
471,1.14017875066918,-24.3542121537427,-15.794293833756
472,1.48401346847626,-24.5049069058392,-15.8603899507526
473,1.3219399884283,-24.7467709918756,-15.7617291129712
474,0.581538811011875,-25.5123987446439,-15.601353583929
475,0.111251418504921,-26.1700493337675,-15.7299059959419
476,0.0587025104377972,-26.3739374790468,-15.6987891040475
477,-0.125294813149914,-26.3582946805667,-15.5856508953335
478,0.0798610891561466,-26.5468490773773,-15.6166070012022
479,0.137638171908669,-26.525188816222,-15.7209747643149
480,0.44183688829245,-26.7860592571105,-15.7178588533164
481,0.162129308155457,-27.881060918841,-15.9638994517995
482,-0.11162305014016,-29.0173438551096,-16.2679089334928
483,-0.138365572241874,-29.1263567326107,-16.268927965792
484,-0.396772021238732,-28.8078893375823,-16.1772511763547
485,-0.444474778563603,-28.6682196153964,-16.22641232799
486,-0.518173583511938,-28.4040665159292,-16.1529843275215
487,-0.615090837461317,-28.2736280401537,-16.2782553414174
488,-0.958774111275744,-28.1167500373447,-16.1906709905451
489,-1.16618759038057,-27.8999516777478,-15.9816779251286
490,-1.45158180447686,-27.8358559122212,-15.937611901133
491,-1.44037898062785,-27.9668154256868,-15.9605054591665
492,-1.61709153983057,-28.2960408586655,-15.552727165307
493,-3.7965107455998,-30.0085036265897,-14.6071579241013
494,-4.93441266484762,-30.3269740907885,-14.1677779033312
495,-5.09028774370443,-29.967051051727,-13.9398339891737
496,-5.24611385941077,-30.0352499096568,-13.8399985518267
497,-4.92265964636762,-30.7979179984638,-14.2417634869147
498,-4.61052931862508,-33.4211672313334,-14.9085041790932
499,-3.90716461346965,-34.4718203891179,-15.2766160417655
500,-3.46533644404843,-34.9406939414998,-15.4752247940492
501,-2.96130051846595,-34.8777998270059,-15.7062916618126
502,-3.33253249749588,-34.4327290582695,-15.5990590358077
503,-3.96444194843357,-33.3512984690285,-15.3938792739253
504,-4.03208368767741,-33.1047626825604,-15.5574173005567
505,-3.99538541070636,-33.0377018899241,-15.4513226073788
506,-4.14314619717999,-32.4473953250315,-14.7638599093815
507,-4.47535663259442,-32.2120115167695,-14.9362854582939
508,-4.67622526062637,-31.6350445047,-15.0590085818244
509,-4.66769221032659,-31.1019439477672,-15.0030515339922
510,-5.06376696700537,-30.7605727316384,-14.9263024740625
511,-4.83727563345594,-30.6411077229839,-14.8087024635279
512,-5.32285086302866,-30.6005326570223,-14.6494222948678
513,-5.1525095829569,-30.6198114420777,-14.4077363413776
514,-4.95308578744378,-30.6272069960756,-14.6303916554206
515,-5.14002353611077,-30.5676106322806,-14.5298803536656
516,-4.77823739863253,-30.5874621669544,-14.5406789778694
517,-4.90664084458366,-30.4752892884413,-14.4370942698485
518,-4.76096612661484,-30.5279778084736,-14.4881117234514
519,-5.03982681507935,-30.4574684200823,-14.3202872004015
520,-4.84184843204109,-30.451627546836,-14.4490132790413
521,-5.14071172862231,-30.5234579514735,-14.3285099488838
522,-5.30839604427788,-30.4679495879616,-14.4922192667715
523,-5.00023898711675,-31.2381628542643,-15.0592386871818
524,-4.18804388370213,-32.588885498371,-15.2300836742466
525,-4.41450832502731,-33.2876474324053,-15.0041504585659
526,-4.71180821853139,-33.7257672269083,-14.7968732664616
527,-5.80776695942757,-33.9797866759278,-14.404256855469
528,-5.90378153063106,-34.1944468037633,-14.3371580493979
529,-5.74405466211192,-34.6482923653346,-14.23561202521
530,-5.85945531997635,-35.183139284568,-14.1460484915528
531,-5.95143114048651,-35.6240121185021,-14.0278466031786
532,-5.99123531259767,-35.9199891646736,-13.9005153773221
533,-6.65082670235643,-35.4309756320137,-13.4781355593869
534,-7.47670511173354,-35.9362541307226,-13.2152322259751
535,-7.26257649019693,-36.2504859727651,-13.1868193770911
536,-7.70553913924965,-35.8715210314628,-13.0554055648093
537,-7.98959184838212,-35.346616007084,-12.7856114058833
538,-8.52678191353365,-34.9980818290432,-12.4213991623922
539,-9.42087290104296,-35.9763660092631,-12.268554208056
540,-8.66497331388857,-37.0898175899058,-12.4002419027535
541,-8.53902848885842,-37.1624490455189,-12.5477632628678
542,-7.39784149154074,-38.6528618670799,-12.8854941506243
543,-5.93753678536128,-38.8452126002603,-13.7525635321929
544,-4.98529452628063,-40.130869421518,-14.1571886967927
545,-5.55794654490862,-39.7358234634949,-14.0108733503674
546,-5.82793905863276,-39.727587020404,-13.7926163568072
547,-7.74173300762261,-39.8338607290358,-12.8457291762796
548,-9.67916713091392,-38.2684767355353,-12.2912741671748
549,-11.2257466273538,-36.9777476137886,-11.944417989938
550,-11.0424401969046,-36.8621692699912,-12.0441194220023
551,-11.0281200954513,-36.5561513449761,-11.9880120595188
552,-10.6120454312829,-36.6681143066056,-12.2053735546882
553,-10.4914607976086,-36.4721514836107,-12.192806081065
554,-9.58461824622036,-36.6684439610244,-12.3428235261948
555,-9.33906705887971,-37.2136160631156,-12.4762107171238
556,-9.56554700996497,-37.1250198868245,-12.281383888107
557,-9.58461824622036,-36.6684439610244,-12.3428235261948
558,-9.19115355445525,-36.9764570049657,-12.4849974720936
559,-9.56211879951728,-36.7911874866676,-12.363507142995
560,-9.69153545391457,-36.6527096124986,-12.3977883224708
561,-9.87053041849237,-36.8721038049465,-12.2961665217225
562,-10.019734610816,-36.6205766157827,-12.4233363423186
563,-10.8850595696921,-35.5800623975501,-11.8231339462032
564,-11.3507280538011,-35.0386133922122,-11.5009758574737
565,-10.803575615591,-34.6362603610665,-11.4949590022227
566,-9.95105510130645,-34.9539837801959,-12.0471002404653
567,-9.44994885531818,-35.0497161016067,-12.3069610302122
568,-9.34338413573886,-35.0603362407313,-12.4954580794531
569,-8.03317137482485,-35.9997543222896,-13.2116530419442
570,-6.2374897257194,-38.4396542176979,-13.54604316596
571,-7.44289538633053,-38.2157571820261,-13.4204795510533
572,-9.25408714083738,-36.682195064435,-12.5785351630229
573,-12.0612392587042,-35.3682811850216,-11.1684211942449
574,-13.3975881287702,-34.1025017919492,-10.0386984739742
575,-13.0636316662772,-31.965718827602,-9.41802520365086
576,-13.2065128486182,-30.6726181819102,-8.9700554126576
577,-12.8057327924154,-29.1495615763756,-8.03829597484565
578,-11.9804849305622,-28.7331226474351,-8.10344416886669
579,-11.1682425003997,-27.7282893039401,-7.57460328910337
580,-10.0669518300178,-26.4009102190106,-7.23368615147625
581,-9.85541041277884,-27.8496008804425,-8.54018782718276
582,-10.7032485142918,-31.8288066587589,-10.5444094678393
583,-10.353009861431,-35.9893912980653,-12.0255514024965
584,-10.1612496771284,-39.1095492767336,-12.3111193435495
585,-10.0813844977105,-40.0395022982372,-12.5653034851874
586,-6.49288481902578,-42.8947702336627,-13.551360974108
587,-5.16089632095856,-43.7743057257556,-13.7869940586994
588,-7.16130346523251,-42.6560941129448,-13.103421460337
589,-11.3933889112473,-40.7205563676022,-11.6527202845887
590,-13.9200680314451,-40.1258693187747,-11.219666981277
591,-10.3431633090585,-41.7111708017609,-11.8450972148752
592,-5.54270592054461,-43.0809927955067,-13.4625887427631
593,-2.18221873979346,-40.5823875128958,-15.1778704315118
594,-2.81717914151069,-39.775796966295,-14.930813644118
595,-5.49515413352461,-36.3425007097097,-14.0058119106534
596,-7.66793659237529,-32.7509205438249,-12.9484222804232
597,-8.50834910917167,-31.1209966524497,-11.6803308894962
598,-8.94995416354445,-30.5122455317933,-11.7313902285971
599,-9.02956991564575,-30.5780468982224,-10.9440332791517
600,-9.09684714733144,-29.7179229500451,-10.2230887661388
601,-8.99266015448874,-27.2655971546588,-8.37924840901384
602,-7.73771661772109,-24.6787373741759,-7.261671525743
603,-5.58732995704136,-20.5639764665154,-7.62318153200794
604,-4.05243832274941,-17.5902236800008,-8.9224905640767
605,-3.91817039089047,-21.5748820527337,-10.4061960792329
606,-3.83943938568262,-26.0540100975775,-12.9804587412158
607,-3.01568077273536,-29.3859512104305,-14.2612778741253
608,-1.43388483257353,-28.847529968705,-14.8461901523726
609,0.305018382643794,-27.5600398981515,-15.4895280957777
610,1.83809385951642,-28.2918867249334,-15.8993795499114
611,4.27690758095311,-29.4199649962316,-16.4342842078062
612,6.89258144504607,-31.2382361840229,-16.6647972078632
613,8.8976151723537,-33.7045218237414,-17.0209925382817
614,9.91441084894611,-36.7506984429634,-17.1382075969955
615,9.3441654172393,-38.3116656309986,-16.9270133394405
616,6.8211082964432,-38.5979241223445,-16.9478569718149
617,3.72094344530033,-37.0423297328504,-17.0199480954373
618,0.881876791942126,-34.7341484189268,-15.8398649996642
619,-1.96247425442021,-33.0190978041042,-15.0521698483015
620,-5.23524923085169,-31.9154295410389,-13.9645337503124
621,-7.52489877452133,-32.3366478109524,-12.6404963186578
622,-8.50523675633091,-34.406230237276,-11.9263762229283
623,-9.06164945248531,-39.7896195673534,-12.2814049662804
624,-5.73373884795743,-41.6952152580453,-13.520279076321
625,-1.40838774024616,-42.2138805521397,-14.9232791568347
626,2.02932592291693,-41.7015782859471,-15.9837800804752
627,5.40354453664884,-41.0544785592845,-15.863350453941
628,8.57087027305561,-39.8641994803844,-16.1164866418876
629,11.4666840247798,-36.1217174609581,-16.8228828416532
630,13.3484928314469,-32.4582612122553,-16.7129165981548
631,14.5628360644725,-30.2377001772374,-16.5600035787487
632,14.6445693888672,-30.1439586840241,-16.4665573545134
633,14.3669146983792,-28.1202131608608,-15.3762524265504
634,15.1465789623583,-24.1375260843376,-14.8012398272849
635,13.9994503420221,-24.6251136570586,-15.3602152333823
636,10.0985957212987,-30.3056740556618,-16.5648256922963
637,7.37825608461166,-33.1890997224302,-16.7816468836112
638,7.58610198525686,-29.2315342258648,-16.176760692114
639,8.25563171696547,-24.1704429530158,-16.1067381571295
640,7.02050303759375,-25.1636807369157,-16.10075905587
641,3.96973170551657,-29.9436437727192,-16.0394381174447
642,1.82730037130227,-33.0166639900224,-16.2430061185888
643,2.08598509721975,-29.0798823181307,-15.7302255131202
644,2.91397975568687,-23.1856298817619,-15.1332002671234
645,1.06738183877695,-23.1161656379211,-14.7306480777249
646,-2.00654801615408,-24.4992499078768,-13.9666272656853
647,-2.79368245705632,-23.1678947539343,-12.0871294775357
648,-2.84803576207841,-18.4010369074012,-9.53068093608035
649,-2.58726697428103,-14.6498574773967,-8.74578382100957
650,0.149109133285627,-14.3128102200345,-10.7281905701328
651,3.91686896980104,-16.008746690325,-12.8681611307937
652,7.66466574684635,-17.3969763217488,-13.7423051094284
653,11.79928713891,-18.6842123170742,-13.982756263262
654,15.9882218862401,-20.1451470170998,-13.945576835402
655,17.1113446648047,-19.7121599656103,-13.7849007944182
656,12.2346222815244,-15.7214557479777,-13.5120508230162
657,6.31891888490956,-12.6483928315221,-13.023671721058
658,3.73744529928919,-11.6106475940773,-11.7404438721768
659,1.75985366905899,-8.8714405727192,-11.2721730746895
660,2.81068478046165,-7.8163011085724,-11.7879583344071
661,8.51858451512435,-9.73988068476801,-13.4060739552092
662,14.0020761884277,-10.64953549154,-14.071825141348
663,17.3730233799356,-10.3585279926002,-14.2398182973386
664,16.4579450552452,-8.63350559696044,-14.120108425935
665,11.3289600992661,-7.42727717168197,-14.1518302204341
666,6.57775536801896,-6.12807198263523,-13.3380718196244
667,5.33032411251532,-5.89974027848521,-12.8784212546557
668,9.13290344958612,-8.64111815896177,-13.7079574178819
669,12.5251871287839,-11.3821041699775,-14.115881128131
670,14.2673533511449,-12.0546724135724,-14.1859282354968
671,14.1036507781741,-11.6817433194187,-13.9663253511146
672,12.5516488908496,-11.2799766101755,-13.8615787390562
673,11.145976460615,-11.3342873151057,-13.8500051219084
674,10.4588954372972,-11.5984241008943,-13.8808463752512
675,9.92693084620404,-11.3450493455071,-13.7778186311105
676,9.92994564296615,-11.3423770547304,-13.8484144212797
677,9.88245197462157,-11.3295163324073,-13.8797026044304
678,9.57260092438172,-11.0149981155556,-13.7818731644673
679,-35.9116609075126,-27.7166146448188,-11.2754604999985
680,-33.4163165923471,-28.1776901955335,-12.2260713750705
681,-34.4320155304829,-28.712411015708,-11.8788989122537
682,-35.7504865628707,-28.6814062812697,-11.4085039376578
683,-37.4912554891945,-29.0586384325555,-11.3342239969276
684,-38.6997360824486,-30.4926800264072,-11.6809232172116
685,-39.1253764326852,-30.980062271251,-11.7657108537661
686,-39.8159908479199,-31.9252681434301,-12.0519591910391
687,-40.6204923278052,-31.8788025630888,-12.0038152478547
688,-41.3210277705607,-31.6015377647392,-11.897166400329
689,-43.1396654795068,-32.7210297359405,-12.5115715145098
690,-44.4909415579779,-32.4615897984009,-12.94899832893
691,-45.4553494595344,-32.3551411988134,-13.2567080516235
692,-46.4502022354872,-31.9055839005316,-12.9648767570894
693,-47.4432075107206,-31.4918579497218,-12.3230274746761
694,-49.1748907012202,-29.8877153489621,-11.6974086209127
695,-50.6838820470762,-28.1747343893352,-10.8952606890626
696,-51.3135352908609,-26.3588907737425,-9.63096227815554
697,-51.7050944666968,-23.7880392462284,-9.22315302012666
698,-53.3923905779941,-22.6906209628295,-9.42931544630674
699,-53.9648048185264,-21.4783696822293,-9.47161539655935
700,-54.5014100187215,-20.1436074680718,-9.42842386049328
701,-53.999044894044,-17.8343177961801,-8.81669291240626
702,-54.2055198031423,-15.6694293928755,-8.79597252729884
703,-55.1906133708297,-13.8142839329955,-8.98312704677268
704,-55.4895513058505,-11.9117192982693,-9.18876228442085
705,-54.9341901962962,-10.583472209177,-9.1374308190402
706,-54.6488953921928,-8.73727950225796,-9.22392733594795
707,-54.2674647457005,-6.56021306076794,-9.44819360642164
708,-54.1934304460893,-4.98807758084817,-9.60791359457
709,-53.8299691628985,-4.08844868044017,-9.69715610769836
710,-53.3839731364743,-2.90750582114138,-9.76089310571153
711,-52.5897935554191,-0.741929593733776,-9.97080090578038
712,-51.36993392277,0.631442304282876,-9.90921508454781
713,-49.84286554125,2.33139416129371,-9.96238254417409
714,-48.8325984655258,3.00101494251409,-9.8783098479931
715,-47.8186666181934,3.85469722947601,-9.95426188497713
716,-46.9422785267745,5.31676351363084,-10.3671866438083
717,-46.3490966800609,6.18327763532862,-10.7835862393752
718,-45.6637493511791,7.27130594590113,-11.4086409512266
719,-44.5069464300117,7.44510877455567,-11.5878019096035
720,-43.1719807158687,7.20442865517633,-11.4534954680022
721,-42.0448472957701,7.0235237089546,-11.4745357525297
722,-40.8650436964191,7.16272051474769,-11.5973638764463
723,-39.6191731433656,7.21360973899275,-11.9558546752298
724,-38.6308888301269,7.4524472829752,-12.5108770518769
725,-37.1660629321168,7.44011288744644,-13.0295592417011
726,-36.5383424589299,7.54568797058391,-13.4180441381631
727,-36.290034526958,7.55811905612374,-13.5117916109356
728,-35.8211737565827,7.9109145315231,-13.5095776217004
729,-34.9763313560674,8.1100900658337,-13.9079114293987
730,-33.8795222331819,8.12356008353922,-14.4965770263219
731,-33.0259496558067,7.96463095914683,-14.694199984278
732,-32.7626005564355,8.04182847140118,-14.6531176898462
733,-31.2769565483786,8.48039905805369,-14.6920589282146
734,-29.3344713126607,8.12718322742639,-15.0275985594768
735,-28.2266516711882,8.17042699353368,-14.9687365871025
736,-26.5652410818141,7.51628569537104,-14.6944889412889
737,-25.1044760054235,7.57898897755249,-14.7926325103904
738,-23.7409396957817,7.31894074300586,-14.4156152450058
739,-22.2942882754681,6.8901917171174,-13.9720253086854
740,-20.8877988596115,6.1990229327372,-13.2525317207368
741,-19.5491836168635,4.90874153396958,-12.8999951340305
742,-19.3642593619097,3.91007782330664,-11.8972623971416
743,-19.7887663354038,2.25424028322518,-10.2683382201878
744,-20.2653204055285,1.03898713147363,-8.97058837305589
745,-20.7904918781442,-0.455893910253964,-7.78748866410098
746,-21.1925672724749,-1.19687384869388,-7.3666750240615
747,-20.7643802167656,-3.01307652880376,-6.74004555450033
748,-20.7090937246326,-4.36515573654521,-6.43048765969919
749,-21.6415105983438,-5.8497522076743,-5.96414790540712
750,-22.4455100000358,-7.1798349891791,-5.86893391900517
751,-22.5449011179094,-8.24351787563331,-5.6598867067243
752,-22.6126029360112,-9.79794227257449,-5.59838183116287
753,-22.2234060911979,-10.4018182865782,-5.47855035126747
754,-22.5220608787549,-11.1567927219059,-4.90086637964844
755,-21.6665494355256,-13.1463301264669,-4.50194021365682
756,-22.0236178915921,-14.2483086559423,-4.32659445037438
757,-22.4544843528662,-15.0511726642976,-4.47879144215436
758,-22.4288010920003,-16.4501284064123,-4.65813645502815
759,-23.1933468030711,-17.8311357353173,-5.84227729399615
760,-24.1977009062275,-18.9050159615008,-7.48540027643793
761,-24.8928533540343,-19.9184685886735,-9.57623142882377
762,-25.6041150650239,-21.0701527024623,-10.9803078148346
763,-26.0559190536157,-21.0625178965771,-11.3236947744006
764,-26.3082657362811,-20.8487362760182,-11.2810503839311
765,-26.8125737400625,-20.6233860617952,-10.6722069479727
766,-27.5951151653675,-20.7079534587695,-9.84192008351051
767,-28.6114541795772,-20.1619576305005,-9.39153928467942
768,-28.6636560007835,-20.1968230622401,-9.49282780353227
769,-29.2647202859716,-21.0044073397408,-8.89322034421754
770,-31.5157361954914,-23.0756642878937,-9.68677116080342
771,-33.2012005333411,-25.3880145293918,-10.6196963655818
772,-34.4887702957068,-26.1792783891455,-10.8250379330302
773,-36.8055669976389,-28.3294793609922,-11.2603421752608
774,-38.5171949168209,-30.2925063964237,-11.683965175498
775,-37.9991081146463,-31.4520516957987,-12.4196562746224
776,-37.0236214180762,-31.5729111094545,-13.0200043181524
777,-37.0215099410391,-31.6357814012318,-13.6115637828644
778,-38.1206007752975,-31.2744728369041,-12.232559296924
779,-40.1088443977666,-28.3336495101251,-11.4638931123772
780,-42.2863587816088,-28.0482211359791,-11.34918394117
781,-44.3572991270554,-27.0676420683767,-10.9698847532085
782,-45.969770578587,-26.5852917644438,-10.5388719237219
783,-47.1104515801492,-25.5915195492068,-10.0768511830167
784,-47.7172858195733,-23.5607410065027,-9.63776888044829
785,-48.1997545170269,-22.880608500841,-9.38332077624673
786,-49.1369837178677,-21.9178645444811,-9.07668525225711
787,-49.9097725530967,-21.3896830739085,-8.99053763966611
788,-50.2759660190992,-20.9074815442367,-8.86610265696916
789,-50.7063254774164,-19.364682891131,-8.64618335158245
790,-50.7741843504986,-18.875826565051,-8.62349370354203
791,-50.9371772399876,-18.9522101541435,-8.63759525399049
792,-50.9762845377501,-18.9972102347061,-8.58714122149644
793,-50.5440596350833,-19.4292459116244,-8.64736378914207
794,-48.7902381108096,-21.5918413197045,-8.89371978908926
795,-47.0346716236817,-24.078879378298,-9.70755603939621
796,-45.567153824173,-24.7497926604992,-10.0088290105591
797,-45.0271059602168,-23.1980676694046,-9.71455074418774
798,-45.2005037450329,-21.5498587979181,-9.1637851382592
799,-45.8855534266949,-18.1443945517116,-8.59384836265972
800,-47.6985571648827,-16.71347452095,-8.40179705242646
801,-48.505222212828,-18.3749165273273,-8.50905291304641
802,-46.6082635177304,-21.887833830318,-9.17295398586882
803,-42.5650591267319,-23.5151035627087,-9.98970359301144
804,-41.9940330731543,-21.0964565650547,-9.14000914750903
805,-44.6938608746313,-17.6826002925558,-8.80028022294788
806,-45.7502361245945,-15.8465678296936,-8.50675458322906
807,-47.3332335081917,-17.0476762645043,-8.43850904558782
808,-46.308668619452,-20.3845078744078,-8.87236166371123
809,-45.1619425146055,-22.1602936184167,-9.44446759809102
810,-42.9413831364809,-23.9695905996031,-10.1773785111951
811,-41.354743479447,-25.0215639243971,-10.6211411961705
812,-38.7626064621005,-26.1985581269799,-11.124436065007
813,-36.3625281229892,-27.2842010430455,-11.2570986484959
814,-34.4788151778165,-26.6318716601753,-11.0485561267273
815,-33.9630693684051,-24.4999682423485,-10.1624987278048
816,-34.0183913205534,-23.1551094449681,-9.40428000513517
817,-33.6728607557534,-21.4724917444563,-8.78330610550948
818,-32.7282620928271,-19.1854039758174,-8.17761073126853
819,-32.1573368836891,-19.9847400104605,-8.30530734009086
820,-32.1773863913084,-20.1966675541333,-8.36518028261657
821,-32.8924898791419,-20.2837109713289,-8.54916415884886
822,-35.5130425576778,-20.4872258843021,-8.87700618738348
823,-38.0953472120113,-18.8249938810218,-8.8252060112822
824,-41.8971255574886,-18.1820117718256,-8.75074467437084
825,-46.0156549930206,-17.4924974273785,-8.67813318219834
826,-49.2015416821428,-15.4112713496606,-8.36569438001765
827,-50.9392795614998,-11.7098651572546,-8.49243866350891
828,-51.5917158266968,-9.39970718292249,-8.67790996226347
829,-52.036473942469,-7.06843917099005,-8.91745639689711
830,-52.1604628617506,-6.06944196259602,-9.10166228248289
831,-50.8249033340571,-7.04978529489792,-8.7545220719534
832,-48.7860662820241,-8.42711799222091,-8.53544378549977
833,-46.7684756265043,-9.38851648461501,-8.48709151787089
834,-45.6320633186069,-9.21346580528654,-8.65716042473896
835,-46.4701263705367,-8.7045339339044,-8.52778405782069
836,-47.8883615497049,-6.33894076163257,-8.57954476974671
837,-48.4589026712518,-6.56310012621411,-8.58548121505672
838,-49.9395168481185,-7.25966959834724,-8.65383083141573
839,-51.2238349858047,-10.2190529571947,-8.59830840237641
840,-50.4088175513786,-15.7133591810702,-8.44710090454032
841,-49.223093190778,-18.8169831309344,-8.71650949241085
842,-46.7373157215926,-20.9900739497773,-9.09065415325299
843,-44.5037917730466,-23.2208488329383,-9.72564477893479
844,-43.2217969097828,-26.0213400595234,-10.7996289823111
845,-41.5593130331047,-24.9008261699327,-10.6125583511938
846,-41.544358619276,-21.896427713497,-9.55054452819839
847,-43.4673737076116,-18.0389663211792,-8.94837266601312
848,-45.3170201414309,-16.3103896859939,-8.72537108790508
849,-46.6152857246886,-14.6250313708209,-8.53570280015337
850,-46.7773528533042,-12.0530352673507,-8.58124978944264
851,-46.602524738528,-10.6411542187982,-8.56991690024346
852,-46.3998617572461,-9.68471754141491,-8.45564838668841
853,-47.1573716469802,-8.27456432155072,-8.423286303571
854,-47.3882571296986,-6.20030690244196,-8.66484460743871
855,-47.028830679639,-4.19455754041339,-8.72797039313892
856,-46.6634959072406,-2.29967720356695,-8.86161681168269
857,-46.7362119433069,0.0692221517224709,-9.15184337002195
858,-46.8705493868861,1.83853719779003,-9.43198507377361
859,-45.8609821528944,4.36527037032724,-9.86833007729616
860,-44.7852069999358,4.99143831779326,-10.0933212418514
861,-43.7575680252659,4.77723120204111,-10.0249646167412
862,-42.5217506768922,1.82996835888589,-10.1814931204675
863,-41.0151656512006,0.0519796498620586,-10.6391586985135
864,-39.7229699427804,-0.915471703456941,-10.435033717697
865,-40.2929405956612,-2.85175168167943,-10.4136824002049
866,-38.9349056031281,-5.3379371265079,-10.6013656671777
867,-37.8244830948872,-6.67722585746694,-10.3029245737207
868,-36.7903948650407,-8.19375106985425,-10.0413661454466
869,-35.3941981824083,-9.62521167029369,-9.63930367722996
870,-34.1491777445873,-11.3547939101898,-9.39238402514894
871,-32.4951361330302,-13.118492541056,-8.57543163281843
872,-30.9266449081815,-13.7014915569618,-7.683442557391
873,-29.3001675115999,-14.3896393115752,-6.87794827659159
874,-27.3339544935193,-14.7822084001405,-6.37397155783271
875,-26.9281163442563,-14.8591045946044,-6.44312535710536
876,-26.9050501859607,-13.2668873569975,-6.23596816857381
877,-26.7263951100985,-11.8673415532104,-6.37933879368837
878,-26.2680597165459,-11.225159243933,-6.53943463617705
879,-25.3858006737406,-11.1131059538162,-6.94088497410873
880,-24.6600129572129,-11.8354188457,-7.1057975300093
881,-24.6500357113734,-12.2825309330037,-7.03305589917935
882,-25.3962319848014,-12.7055645141054,-6.66873004163192
883,-26.9824373741585,-12.138232268535,-6.59742270600032
884,-29.8592754961041,-13.255706296469,-7.33060060643324
885,-32.6109041517905,-12.4502259543977,-8.43184247676596
886,-34.4425938787305,-10.4735553354059,-9.31347920470653
887,-37.1186115953501,-6.87655031517757,-9.95736032551444
888,-38.539163850219,-5.72733833270138,-10.0453488486766
889,-40.6921720645448,-3.68879222525173,-10.1932789806053
890,-42.5312020231634,-2.02335846118594,-9.97079769963869
891,-43.7128748239377,0.153763133724594,-9.80711327093341
892,-45.1318149223126,2.38389088013656,-9.57789614634048
893,-45.6650689843698,4.09292809982989,-9.72153879616644
894,-44.5746326243072,4.81193857796421,-9.9593875922728
895,-43.1387010637723,5.62240698478146,-10.4028291890069
896,-41.5919025795798,5.46697472658023,-10.7180330047407
897,-39.9282993135629,3.71410123599044,-11.2119543455229
898,-38.2876082709554,2.16345234782865,-11.3450707502101
899,-36.1305520441431,0.750158211523702,-11.4608519975358
900,-36.0344428272218,-0.360692023980643,-11.5327937123831
901,-33.745775358432,-1.77927266838694,-11.3966812031013
902,-31.7863805435813,-3.06504845303799,-10.8403994363522
903,-29.9208379488093,-3.82455299579831,-9.95090524132679
904,-27.4603625062365,-3.80548180415035,-9.34082978138802
905,-26.058977293253,-4.28527755914146,-8.43082264158387
906,-24.4388069696487,-4.51638864365052,-7.48222746851528
907,-23.0138977190518,-4.93717173499527,-6.14261121846328
908,-22.6578681931629,-6.86099188922957,-5.65203971101392
909,-22.3317495508015,-8.25927697015643,-5.74062098067914
910,-22.45881959367,-7.42508944837961,-5.97510902212409
911,-21.0273302987417,-5.45746258143554,-6.44434684342382
912,-19.8254678253542,-3.17185158983077,-7.32922561057099
913,-19.4803211954346,-2.19537169622467,-7.70106044698449
914,-19.2604138913824,-0.454459890318228,-8.64565943277943
915,-19.5799495220286,1.22414579197177,-9.76863734139994
916,-19.5801607316798,1.99435828413252,-10.4137516109935
917,-19.5781827550051,3.07189906530196,-11.2171205597193
918,-20.0098482012477,4.015415025254,-11.522804479181
919,-21.2899345425339,5.53240986168077,-12.2481349158857
920,-22.7902466426408,6.22917834576376,-12.8708507487633
921,-24.3753677894752,6.49325872707521,-13.2614277054712
922,-25.9475491374414,6.27175463949409,-13.2703762998632
923,-27.2837237028987,6.37590029170227,-13.3886549843381
924,-29.0536074381422,6.74021875767994,-13.5694342585541
925,-30.4798138807813,6.56546111296209,-13.7743574669296
926,-32.1566046225343,6.7246078864591,-13.487228584804
927,-34.1302263197893,7.28720621655569,-13.6352065417929
928,-36.082888361777,7.0447869161378,-13.2957347064688
929,-37.7080173114257,6.81986848353719,-12.4330846219881
930,-39.2618257241541,6.79916233834748,-11.83446230391
931,-41.0429101625756,6.65103682549289,-11.3651067189836
932,-43.0896475967134,6.94070504335357,-11.2106558915514
933,-44.8194448590947,6.40814735007662,-10.7055007743137
934,-45.8953520287237,5.86834579709451,-10.3936716472393
935,-45.2275223747694,5.63886093553081,-10.2392700006975
936,-41.9538359767318,4.33952987060813,-10.2421415397475
937,-38.3614973745409,2.23632290619023,-11.5097833764072
938,-35.5344270717232,1.48565030643618,-11.6766910580116
939,-33.3472410306539,0.827811805031704,-11.9495686942724
940,-31.8536360281207,0.112965263645398,-11.7683594188517
941,-30.7637838960355,0.256388891827998,-11.3565936529571
942,-29.0181968711058,0.443805774303987,-10.9760695174786
943,-26.6535531660013,1.11134594979852,-10.2959616546234
944,-23.9880182637315,0.744061860155856,-9.16197790039942
945,-21.4292819985975,0.595794187245085,-8.3415635180783
946,-20.0602519972375,-1.07325939885624,-7.91282560241745
947,-20.0375440415102,-1.87914695518973,-7.47632857775624
948,-20.5411026604526,-3.38269599844759,-6.91448359188157
949,-21.0713389583638,-3.77907584490324,-6.53142713881075
950,-22.3098088771011,-3.8844827709306,-6.32483445864077
951,-22.9149788767864,-5.03863292433816,-6.22580188223329
952,-21.3943371460033,-5.92722973321411,-6.12509031818143
953,-19.8288503532345,-4.40307245633601,-7.12383678764859
954,-21.3896382084923,-2.13259143465701,-6.99830572376645
955,-23.7991129495143,-4.94619912776813,-6.84649661297187
956,-22.9964224925511,-6.8513803488916,-6.03867698689087
957,-19.6612368619219,-6.05696100203771,-6.71891755254353
958,-20.9036695725123,-2.49089106726233,-6.83813188056363
959,-24.9262685081427,-0.0267046988721571,-9.14764788336875
960,-27.1164494991844,-3.02964294463341,-9.41292878578156
961,-29.524990491498,-3.16468864026842,-10.264567284537
962,-31.1744786747691,-1.82871367540911,-10.7816335301964
963,-33.7886976548603,-1.04754128841138,-11.3184044897188
964,-36.4945360497846,0.167551810772849,-11.4162919056191
965,-38.7960641244615,1.3878708263949,-11.2020805451041
966,-41.1782842059277,2.87582264476016,-10.7106301135134
967,-43.2729489391077,4.07363385033256,-9.88641826531228
968,-45.6810785243606,4.62176406705073,-9.84102247479006
969,-48.4660572756833,3.09847731254696,-9.80655638686139
970,-49.0705411465051,2.39788412596773,-9.76823398879191
971,-47.0987298922161,0.532905185916302,-9.20360013551445
972,-43.9543454955797,-1.30457369215315,-9.5765772393982
973,-43.6910741054974,-1.59757476068481,-9.96879973054625
974,-46.703427598504,-1.07304506890528,-9.00953548655262
975,-48.3964041528168,-0.309658301155554,-9.34757196958542
976,-50.4877408830097,-1.58535654155846,-9.25428057602121
977,-49.9433918221767,-3.83121534414292,-8.89109392362636
978,-46.0249158829689,-6.06685956898827,-8.57324137040796
979,-45.6756331560111,-6.72917120629108,-8.71088240516255
980,-49.9428694699483,-6.57989992542024,-8.76564409205672
981,-50.7690741121951,-8.07000232627262,-8.73126323252247
982,-48.9640558732801,-10.4326326913686,-8.45039571671725
983,-46.0033933844263,-12.2191403749802,-8.57148369737397
984,-46.1931287960171,-12.4045368415738,-8.58660428012161
985,-48.7940575527732,-11.6163534852345,-8.35762480536743
986,-49.2920209028911,-12.4842230230528,-8.33241757804017
987,-47.4212648535041,-13.9575893595771,-8.34512857649248
988,-44.9946832540786,-14.6973800422558,-8.58680427753733
989,-46.6624101782231,-14.4376667512322,-8.40313656952431
990,-50.8705473317662,-13.8984755955504,-8.44486408099578
991,-52.3010712214868,-14.3516154995041,-8.58826724134259
992,-50.764784401248,-16.5283302819725,-8.48465301075862
993,-47.0893992315687,-16.735032579807,-8.53949810589549
994,-45.4983123841647,-15.2219533414209,-8.63241831235608
995,-48.63901565272,-15.4524569325631,-8.41830596301645
996,-51.089032625251,-16.4793873847569,-8.54764186428291
997,-49.2182168672284,-18.5834556194921,-8.7046283545701
998,-46.2244607941539,-18.6860038327997,-8.78463981107674
999,-46.3182989881644,-17.8930460227716,-8.71896844266958
1000,-48.6754502665725,-18.1239125957874,-8.61730917087491
1001,-49.4300296299995,-18.0198188046463,-8.586099573817
1002,-48.2574359961053,-15.2031596743452,-8.39965636281261
1003,-49.0707841597608,-15.4995811511424,-8.43427892018752
1004,-49.5390155995473,-16.7305132737658,-8.52353423041257
1005,-46.2523033352954,-15.6833858402614,-8.76424220263407
1006,-44.4764452176451,-13.9754150401255,-8.94246688016724
1007,-46.1286745787644,-14.130095217885,-8.70016492976666
1008,-47.9641310246414,-16.8138330432491,-8.7526511053606
1009,-47.3078750535266,-20.339806742563,-9.31563061335886
1010,-45.6417600761423,-23.5557628483152,-10.1750442317458
1011,-43.7760487877494,-23.4274371582061,-10.5508784351114
1012,-43.5374868846874,-23.0892218014993,-10.4032347457021
1013,-43.6437692078281,-25.8553942292687,-11.2958153968753
1014,-42.3155721538085,-26.8610679108978,-11.6766200570711
1015,-39.7757706107413,-25.2028832661431,-11.3665711386027
1016,-37.3494019530574,-20.8048442106,-9.53122344787829
1017,-37.4006152339053,-16.4774382278382,-9.70106667963274
1018,-38.1702509612924,-13.0733968268037,-10.6844621743535
1019,-39.1495816694235,-10.9531055349319,-11.0270659772594
1020,-40.3164690815476,-10.5293233148808,-11.1175167620868
1021,-41.0604761116265,-10.7907224516361,-10.1435440561189
1022,-43.2720344516275,-10.5947506748619,-9.47698504306655
1023,-44.4242796567244,-7.88470733238124,-9.00148553864527
1024,-42.6787983467776,-4.00248534522837,-9.77721427185281
1025,-41.4285192482646,-3.44696989898888,-10.3600552475303
1026,-40.6456246978655,-2.95687552525095,-10.6182864118997
1027,-38.1166216740443,-3.4176691410241,-11.1084987287308
1028,-36.6641886038312,-3.89936387588929,-11.0406257340234
1029,-36.5534154791788,-5.00444004219582,-10.9374914522897
1030,-36.0301968879048,-6.68970795483733,-10.4236674949258
1031,-36.3388206096864,-9.1341027380655,-9.71346453235935
1032,-37.738177655329,-11.7819825483043,-9.63973118570334
1033,-38.9340266819314,-13.6855320341952,-9.25574424013423
1034,-39.6095938915337,-14.3294672164357,-8.70270169936299
1035,-40.9188050439774,-17.7857106032293,-9.20674206874029
1036,-42.5796253178957,-22.5017943750966,-10.0624562805945
1037,-42.5137932889512,-25.2240089468225,-11.0480118208229
1038,-40.3280787058682,-26.7539999602307,-11.6004398559386
1039,-37.5154598841951,-27.3136829043509,-11.4080230829313
1040,-34.7215592307065,-26.8655691012449,-11.4728917754719
1041,-32.9095831465004,-24.7862166029025,-10.8181873880949
1042,-32.0114060245268,-21.824282985842,-9.45234186574727
1043,-31.3554909415512,-20.9757860030586,-8.90068199989742
1044,-30.4189996860621,-20.1472633616545,-8.07999070669914
1045,-29.0086428673177,-17.2670298017945,-7.49002946903327
1046,-28.2583396054344,-15.6761479724562,-6.69659273452164
1047,-28.5041489019288,-14.4303511288483,-7.22087156281953
1048,-30.597877926218,-15.5043705505106,-7.05063887532038
1049,-34.5088286300959,-18.9200800345607,-8.47874765437141
1050,-38.0625069234243,-23.2075039615127,-10.0308352195505
1051,-40.4530661135256,-25.1970638465407,-11.0935573067615
1052,-40.1380414057156,-23.3619179214538,-10.385954607225
1053,-37.6699934503102,-20.4563282678939,-9.55013639141108
1054,-35.1861342984092,-18.1553455829115,-8.62887448048259
1055,-32.6994529787881,-13.5242426051673,-8.28505002487898
1056,-31.008693303296,-7.9525980501802,-9.36037588373085
1057,-32.3260353143295,-7.51185393705891,-9.96655475294995
1058,-34.1592657828838,-9.20545453538587,-9.81998298844242
1059,-34.7482962895559,-10.4770974028628,-9.54764446948669
1060,-34.1516306510549,-8.91203348394809,-9.90912235888891
1061,-33.261871403452,-6.45779723564631,-10.1422674702611
1062,-34.0248804896238,-7.91718471836184,-10.0473646183922
1063,-35.6629595071351,-11.3502866270984,-9.49935487888783
1064,-37.9067513110838,-16.1237070209468,-9.33391503515855
1065,-39.3940173173838,-19.0509930796058,-8.85805731001102
1066,-42.1228284988439,-21.5749099536982,-9.82513253237079
1067,-42.7565118685079,-19.0920301409284,-9.25534551990005
1068,-42.0299141575724,-13.0036308928506,-9.49529398617436
1069,-43.1319009618584,-9.71866278014857,-9.92086875115501
1070,-43.6914473413352,-7.10466939054776,-9.71974527876531
1071,-44.7527550761437,-6.42321686701524,-9.1358380649632
1072,-44.3909820145553,-3.72175785737894,-9.39917071263262
1073,-41.9878395453091,-2.80118829803916,-9.81130497345911
1074,-39.8755731799457,-3.95011053825808,-10.6357475462524
1075,-36.9451874518234,-5.0620143211335,-10.9833152350955
1076,-33.0720744863346,-5.37979141944384,-10.8214438707261
1077,-30.009932843142,-5.55400454762911,-10.0343412167776
1078,-28.5988948202976,-5.94242504424779,-9.8301364113988
1079,-27.433511045592,-6.77631361730671,-9.2028334528003
1080,-26.588140197592,-9.23501224571187,-8.00335479053625
1081,-26.2823511859068,-10.4414690018458,-7.5699317913757
1082,-25.744416709925,-10.0587972774687,-7.66987562401993
1083,-26.0543221245694,-9.14202024068463,-7.81980496351057
1084,-26.2063490181268,-7.17857155337213,-8.18825985864956
1085,-26.5220991289123,-5.90171963409489,-8.33472424740033
1086,-25.6281759418686,-2.67757472963435,-8.51021741423315
1087,-23.0301710362072,-1.51255320786153,-7.70498943751189
1088,-20.7883424396178,-3.4673558687483,-6.87441912513562
1089,-21.0904347564387,-5.26193353681387,-6.66769896462378
1090,-22.3618763512322,-6.52444514024477,-6.24425990152279
1091,-23.6055147360194,-7.07832608035901,-6.10869184196944
1092,-24.1849825810302,-5.4968405397744,-6.89940061190855
1093,-25.0312441493558,-1.9286470919854,-8.41812992756493
1094,-26.9084298738866,-0.790046219759747,-9.61673632605317
1095,-29.3280551194909,-0.590850333723091,-10.704085842402
1096,-32.2440832224966,0.336582136892938,-11.50884763499
1097,-35.0645731572031,1.30894995481817,-11.9735312322507
1098,-37.771817263245,1.25769290701179,-11.7907834280007
1099,-39.7912688085732,2.39887736490532,-11.5930187690636
1100,-41.1494176073895,4.09700263242185,-11.0994575247758
1101,-42.1251907320065,6.40613454677463,-11.0310546456683
1102,-40.9930785645393,7.03875610436159,-11.6585186092215
1103,-38.0257574183293,6.40047725053454,-12.4172007561404
1104,-35.391936491697,4.87588874299298,-12.7463099080277
1105,-33.3804315909971,2.98809324115807,-12.2545033481364
1106,-31.0607262239505,1.80573270510037,-11.7072501515584
1107,-28.8873924492213,0.425083723466175,-11.0321023080151
1108,-26.8869905351322,-0.95607250039107,-9.78783757998346
1109,-23.9970537054238,-0.989846261213494,-8.41633605353858
1110,-22.0983610983787,-1.1653598012376,-7.37866678135319
1111,-21.566080173188,-1.69601651788964,-7.26695144463492
1112,-21.3538763914374,0.0870464883739288,-8.10262877956784
1113,-22.7527677332184,2.40984828161867,-9.67793562213053
1114,-23.2999243557474,3.14860839040623,-10.1705335520465
1115,-21.920674832934,3.28589082592744,-10.2197571654792
1116,-21.2154279567337,3.52561875099738,-10.5077797221476
1117,-23.1070678630363,4.94227774032731,-11.5349952941562
1118,-24.6999059782843,5.53815778468584,-11.9884172131098
1119,-26.7373473320182,7.211122454916,-14.0377131678375
1120,-29.4764355194308,7.32085094218952,-14.2454387434519
1121,-32.096751579783,6.82187129013851,-13.8832807227107
1122,-35.1075444273625,7.21287389818541,-13.7930777724551
1123,-35.8499486767868,7.47231353744733,-13.7228880122801
1124,-32.1440358353675,4.54120827248106,-12.7194331448901
1125,-28.9082469230192,1.57733804021418,-11.1820217615099
1126,-26.5961927775175,0.332579532216663,-10.1374279081724
1127,-24.244712032772,-3.25255021340865,-8.33125011340395
1128,-24.5903216765067,-4.54270950556847,-8.14837319003697
1129,-27.183334018465,-2.75219090460238,-9.46902564303439
1130,-29.0141796113826,0.622753070644249,-10.8926324051267
1131,-30.8288567554149,2.80319775880622,-11.9400602248994
1132,-33.1639378343454,5.07250040121004,-13.0559262843365
1133,-35.6770003456277,4.9293891153923,-12.7550418630421
1134,-38.2838117494335,4.28216835454149,-12.0012947108282
1135,-39.3762067158718,2.72386058509668,-11.6196522971538
1136,-40.4600486247319,2.34753804860854,-11.513034312229
1137,-42.7435117866536,1.90940453268258,-10.7007344983256
1138,-44.9465096041746,2.6155149718371,-10.0739928842027
1139,-46.089469463772,2.16736410150645,-9.76014141651962
1140,-46.2325413149724,0.837520124472508,-9.46954484183398
1141,-47.012299797424,0.466311648246828,-9.3525804151285
1142,-48.1195907352356,0.488243490368827,-9.43020038300379
1143,-50.4861562557192,-0.335785038407749,-9.60920200905726
1144,-51.1994642768332,-2.37513152623351,-9.42222563837405
1145,-51.2753648675069,-3.59334411771289,-9.39225597992383
1146,-50.4780896032831,-5.03831342646101,-9.00070015413492
1147,-49.9522531689941,-4.85143015558381,-9.03491321889233
1148,-49.5344295673864,-4.55362185686738,-8.97463362713762
1149,-49.5596388592183,-4.91889376821113,-8.98103797886058
1150,-49.257936981421,-4.91468089042752,-8.90991725816941
1151,-49.5508498204358,-4.44301446049721,-8.89465621291027
1152,-48.8786223665071,-3.96529309884703,-8.9484377282381
1153,-48.6838317151938,-3.56314776465111,-8.99572222053554
1154,-47.981827515079,-2.88119158952656,-9.01075429733841
1155,-46.3197035914178,-1.08371691995816,-9.30235254155826
1156,-45.3405475686983,0.270034113814464,-9.65691165394615
1157,-44.4219675085901,0.390155839050902,-9.91202106932311
1158,-43.8328169476679,0.81103609627097,-10.1443167173727
1159,-42.6804796369915,1.16953998433394,-10.5348199064414
1160,-42.7004810281731,1.99417640829748,-10.6928549177346
1161,-43.1388567955494,2.30465389692683,-10.4207698222558
1162,-44.4899627923954,3.98181875034085,-9.93053427080968
1163,-45.8685518616344,5.84436642402022,-10.3962678803311
1164,-44.6473505142877,5.80322053009631,-10.4674941867871
1165,-40.8917958505363,3.770580878383,-11.2028010368301
1166,-37.8186328475841,1.83962213591216,-11.6786811463329
1167,-35.8182370287512,0.367655493493363,-11.906779056694
1168,-33.2857083911143,-1.31757839159559,-11.5281223815046
1169,-30.7033206262378,-2.78374873703077,-10.7707505157619
1170,-28.4577415038932,-4.29980285113896,-9.8710007941274
1171,-27.0017406846369,-5.35157199557002,-8.96898045945424
1172,-26.0954943236463,-6.88784753870831,-8.34250250915766
1173,-26.0795699008235,-7.26072936080122,-8.12362911838142
1174,-26.1190630830682,-7.80554528995901,-7.38952054037727
1175,-25.4267825171574,-8.81334455539671,-6.45754036553746
1176,-25.3030603318437,-9.55254051335243,-6.2875921830453
1177,-25.4430672061964,-10.3408578796087,-6.30641369374022
1178,-27.6578187932225,-9.28305702961901,-7.47008340571514
1179,-31.8200676175726,-6.17605945053713,-9.91704693694392
1180,-35.5177046141101,-3.6216085964116,-10.7842556562188
1181,-38.7907679295258,-1.5615913911442,-11.2143462863799
1182,-40.4627071192825,-1.23302367312294,-10.6316281915199
1183,-42.0271260260013,-0.808388839306726,-10.0959259930131
1184,-44.0534916372125,-0.20187693115153,-9.73029955890873
1185,-46.6382065292726,0.515439567209983,-9.4112368387345
1186,-48.6263439708489,0.609180509464405,-9.46142851358391
1187,-50.3849203377532,0.779134962045015,-9.65616486159109
1188,-52.8061397391979,0.898315563142784,-10.4831397482803
1189,-53.7936460355052,0.0202869287818235,-10.9495056144321
1190,-51.5823274232018,-0.78656821225888,-9.7509860492573
1191,-47.4587439078593,-2.37200375075847,-9.00738727052126
1192,-43.5666132808299,-3.86308997490191,-9.82968298311337
1193,-40.9453420842645,-5.54339130488909,-10.7374939681616
1194,-38.9025896163714,-6.76544066741087,-10.2559814254663
1195,-36.8346344748356,-8.4150574126403,-10.0332179689113
1196,-34.2328752863453,-10.23836872098,-9.35936362546149
1197,-31.9205576874588,-12.2121950487727,-8.04913802418566
1198,-29.7314502969203,-13.5612679170474,-6.8480111691659
1199,-28.1873360395906,-15.6052949099455,-7.50395743635938
1200,-28.9164025862214,-14.7129215198706,-7.09477316525114
1201,-30.4918869558878,-14.2721366453511,-7.01504964251866
1202,-34.1443052815768,-12.1468679989319,-8.68982116948664
1203,-36.8972565948607,-12.2659823013438,-9.46915730537792
1204,-39.5033980735652,-11.9372353265434,-9.90372210029441
1205,-41.8634261508549,-11.8749424769334,-9.88174541756246
1206,-41.9265787249896,-12.7159773999481,-10.0069354699949
1207,-39.2388894562525,-13.7270435317466,-9.66979167582054
1208,-37.0879022575649,-15.8871165708254,-9.42172606262097
1209,-35.1705838546715,-18.1179531931642,-8.62112890517434
1210,-34.3262705280392,-20.415615348703,-8.91993730701372
1211,-36.1524906978353,-19.5014154620189,-9.13755145520848
1212,-37.9555381582208,-17.4104186406323,-10.0476336846259
1213,-38.6079594936138,-16.4439538074529,-9.76269092373991
1214,-38.656788628689,-16.6553980807581,-9.31524613098092
1215,-39.0507464500535,-16.69672792401,-8.68628775194643
1216,-40.3361650340248,-18.8304486497757,-9.29648279936002
1217,-42.3889153349917,-18.3665069068015,-9.08044782332653
1218,-45.4197048094778,-17.735645983897,-9.10100648267599
1219,-47.685210837275,-15.6397172790586,-8.70621085762654
1220,-49.0807102183134,-11.6713114760526,-8.49801640201088
1221,-50.9484971535058,-9.2978843824032,-8.67916676176206
1222,-52.718641641507,-8.29156655810077,-8.93764415578435
1223,-54.9800316935904,-8.19192637087035,-9.51347630759954
1224,-54.6602376976142,-7.84810702373202,-9.3494028452155
1225,-50.7258004411216,-5.32114115556645,-8.94549295727899
1226,-48.7785917525156,-4.53866189166371,-8.82138560355643
1227,-51.150739049269,-1.68964156683198,-9.55001306079948
1228,-52.2855888578252,-0.620601926735764,-10.0311254114945
1229,-48.8122124532396,-2.88915867158451,-9.03518536096441
1230,-48.4994003336631,-2.1881045915622,-9.12277551597445
1231,-52.8098705708742,-1.46890423389449,-10.0346316962097
1232,-54.368413552198,-4.85438755401494,-9.79872193773405
1233,-50.3291227125646,-10.0033938844498,-8.634094034546
1234,-47.7788523812159,-11.8416167384182,-8.54660668962443
1235,-51.3090266934544,-10.536596494542,-8.70179055309412
1236,-54.5267202534833,-11.3622300453013,-9.13959303678163
1237,-52.7507421850483,-14.9577048324976,-8.78764616811677
1238,-48.6038032870487,-18.8102034570256,-9.01135472601897
1239,-49.2660161241853,-18.4958929371238,-8.96682663360431
1240,-52.9194078429171,-17.9152935586083,-9.05695500821649
1241,-51.0292950329635,-20.4231286123395,-9.21423632366832
1242,-46.3922263171932,-23.6312559071813,-10.1759542495131
1243,-44.4859978356013,-23.3326931294522,-10.3962966308579
1244,-43.7903449073392,-22.3503564963378,-10.0928459368928
1245,-43.1736989491594,-24.9554231005333,-10.9810353101906
1246,-42.6375105002561,-26.9449181487654,-11.5292268642457
1247,-41.5831571126439,-27.4377916786289,-11.6926706146507
1248,-38.863449877395,-26.0208229847861,-11.49597432012
1249,-35.9914626704666,-24.6621287152114,-10.7297917778456
1250,-33.8078624747815,-24.1668539245791,-10.5200537137624
1251,-32.8703185762458,-22.6232019576105,-9.78415181325439
1252,-32.0994269945764,-21.3684381637545,-9.2943610013184
1253,-30.6985230628182,-21.141792900841,-9.56025331690939
1254,-29.6070313020589,-19.9404154032751,-8.92705635002127
1255,-28.7031553739721,-19.2485100484915,-8.33673854619661
1256,-29.4547072842146,-18.1124004092984,-7.40651019060461
1257,-29.2168015469426,-16.4624453246502,-6.74745687886799
1258,-27.7268516840022,-14.0782266129145,-6.80180474219775
1259,-27.185145771251,-14.2183013750252,-6.42559552265577
1260,-26.5375339483144,-13.115881931511,-5.14650583060674
1261,-25.0507583709868,-10.6250072215156,-4.94764549448652
1262,-25.9417509852811,-10.5568347329615,-6.0313350165578
1263,-29.2720190116239,-15.0352971825387,-6.74820319950874
1264,-33.2470288899445,-19.8268507415145,-8.57109166069034
1265,-36.7955039898745,-22.4852820687157,-9.55418175957521
1266,-39.2163574570922,-22.6608641397091,-9.9659281876399
1267,-40.0797013114211,-18.3439093648198,-9.29402699492348
1268,-39.3335257885187,-12.6523916180389,-9.78755364313802
1269,-38.1277718241117,-11.7402897231788,-10.1562364871928
1270,-35.200741884356,-12.933078091809,-8.82844033672676
1271,-31.595427691724,-11.6447415163329,-8.20075299362232
1272,-31.3866287755367,-9.22305350950784,-8.76876106754103
1273,-34.8984980771001,-6.533940351293,-10.2717024662075
1274,-37.5989395466951,-4.75893874802581,-10.9402676241642
1275,-39.8764229819789,-3.15322607611669,-10.8790060332986
1276,-40.5987335249085,-2.52520268106743,-10.9243252090966
1277,-37.1738568559915,-3.25972553839593,-11.0395949918802
1278,-32.7771340134923,-4.93709162369363,-10.6716869593928
1279,-28.699828696991,-5.58029267864758,-9.7102506830706
1280,-25.8729729800952,-4.44607999412994,-8.37655527169958
1281,-25.4883169641687,-3.44719494018892,-8.35489691732481
1282,-28.0995206245648,-1.96132138692463,-10.169472867546
1283,-31.767618710035,0.12585280276069,-11.5772183791709
1284,-35.0279265440096,1.89120110591638,-11.9272616903943
1285,-37.9772804475891,4.45032099312332,-11.9308446019297
1286,-40.7575461212866,6.69697141598922,-11.5013319243498
1287,-39.3575508534844,6.88651717462718,-11.8961536431951
1288,-34.2120758273144,4.32575826738323,-12.4334456243586
1289,-30.0684936214174,2.00275476639057,-11.7197454624614
1290,-27.0910128615427,0.932770216789436,-10.4276416536227
1291,-24.3012545424786,-0.0855723280271707,-9.04669326564604
1292,-22.8040940200792,-0.113868599297035,-8.31381708176821
1293,-26.1963970309117,0.950628405054331,-9.90856288563839
1294,-32.488427679194,1.66169219845316,-12.0187295022962
1295,-37.4459829282596,1.40427683448406,-11.7840685609795
1296,-41.4069143359838,1.11255661630521,-11.2673380027459
1297,-44.9797814675891,1.35897533153792,-9.71218934089101
1298,-49.0323470102168,0.969541915905587,-9.58552956129462
1299,-52.2678764331849,-2.27394024888248,-9.67649880362304
1300,-54.7173265878552,-7.91391996569439,-9.44640548688464
1301,-56.0952512831548,-13.9523274322361,-9.72815942166413
1302,-56.9403230544634,-18.6891800857957,-10.8302930132349
1303,-56.6072976584104,-20.6105792525382,-12.4483848780592
1304,-56.0137690380352,-22.1523983435833,-12.1485209464626
1305,-55.8345856287345,-23.1193390131871,-12.2298821567202
1306,-55.3292817231582,-24.1069473605604,-12.181944600468
1307,-54.738670240001,-24.4866616409099,-12.4770630972571
1308,-54.2633160155736,-25.2795280500312,-12.4570291833566
1309,-53.4331440839554,-26.0246597236323,-12.5276908979464
1310,-52.9832491586326,-26.743378686992,-12.6079264705997
1311,-52.0272195257771,-27.0531718681052,-11.8181580791547
1312,-50.8225636202273,-27.9798317279164,-11.8159558336196
1313,-50.7370006341196,-27.9854939409388,-11.689279495566
1314,-49.8939762371599,-26.8329130845388,-10.0118211190719
1315,-48.4492558475761,-23.6712383192149,-10.0103406872369
1316,-47.9187707593273,-24.6812540468569,-10.1888181870761
1317,-48.638351183093,-24.937351434252,-10.1286696059988
1318,-49.5784631640255,-24.0636461631527,-9.83827625435923
1319,-50.335454248871,-23.8504231984676,-9.83845155976133
1320,-50.3944722096594,-25.2762049739284,-10.0280952570678
1321,-49.3646479662256,-26.0629915561937,-10.1952131208211
1322,-47.8891177752199,-26.3814914294404,-10.6258716918072
1323,-46.0874455969685,-27.1258189828955,-10.9595655263325
1324,-44.1608605924761,-27.5983814553393,-11.3583789502878
1325,-42.9919715920361,-27.9931863889578,-11.4763898431262
1326,-43.5450013330648,-29.8593866155722,-11.349673292206
1327,-44.8883430995502,-32.0493939314843,-12.2690230816712
1328,-45.2953560097581,-31.3391548046927,-12.0144625341706
1329,-44.8176344725214,-30.5224795486799,-11.4291215766926
1330,-43.2441083390083,-29.3708996328896,-11.445818892215
1331,-41.3071021319613,-27.6377823576598,-11.7720263790467
1332,-39.4057935358154,-27.3187621173225,-11.5002741651576
1333,-37.9040461887627,-27.2698519966028,-11.3946282256356
1334,-36.7240463095644,-26.5571745418177,-11.3427561395994
1335,-35.9642300896148,-26.5483665706668,-11.3227233964562
1336,-34.641387245741,-26.9032478658015,-11.6068796396271
1337,-33.9666253725397,-27.3267929047603,-12.1692012810094
1338,-35.5556992491635,-28.6028336717683,-11.9723159126632
1339,-35.458778077652,-27.8533643920219,-11.7698250890362
1340,-33.9420126905729,-24.5508499575556,-10.6692210086225
1341,-32.4884655674741,-21.8408666557796,-9.48609107209367
1342,-31.1372533249343,-20.4741853998374,-8.62306831295095
1343,-30.4075667017301,-17.0595377758364,-7.40026480105921
1344,-30.2989675204005,-17.2382794460218,-7.51713071846337
1345,-30.930093923375,-19.4018389517205,-7.87670453275778
1346,-32.2765992870112,-21.5420764259299,-9.32691466535018
1347,-34.9934857889867,-25.7571963317538,-11.0360089766184
1348,-38.6797109761604,-27.9131969680321,-11.4181096101503
1349,-42.5054544548507,-25.7620986865172,-11.3074152093874
1350,-45.7860470266239,-23.3833185049515,-10.2143407481551
1351,-47.4594903302896,-19.5685091936901,-9.14559148183903
1352,-44.9222722266686,-16.4352424066725,-8.96679548805839
1353,-40.1951356894328,-17.216971601932,-9.45460986272591
1354,-37.7438699544964,-19.2084203075945,-9.51313599645765
1355,-36.6277349765185,-18.94609047577,-8.77278162860245
1356,-35.0591353466405,-18.5668923914229,-8.56253778675423
1357,-33.2043669190287,-17.6306145262076,-8.03993237668432
1358,-31.8474895334999,-17.0178706950836,-7.43468220997151
1359,-30.5399454819106,-14.5966192831208,-7.05629859482617
1360,-29.0067563514654,-12.8107727264605,-6.6455862361034
1361,-27.6145511498015,-11.5147707885371,-6.36284251091436
1362,-26.2320953716768,-10.0708634594788,-7.12313663380425
1363,-26.3431726012497,-9.94513001158981,-7.15853356488844
1364,-27.0228455253492,-10.9356310697371,-7.10606590702443
1365,-28.4678857393473,-12.4139633923605,-6.71237511225491
1366,-30.7584987956459,-14.4102967389123,-7.2200615080558
1367,-33.7577448603879,-16.1801307062786,-8.16022527190783
1368,-36.639902892376,-17.752261999012,-8.98591602683309
1369,-38.5690457750715,-17.0595028373528,-9.79991153805485
1370,-38.9428537286456,-15.8111964969299,-9.58872480691736
1371,-40.2268373710924,-13.7399722056324,-8.46310616734347
1372,-42.8892671679119,-11.8247798424891,-9.03266790500625
1373,-44.9706839270306,-10.9829358380002,-8.94378702557903
1374,-46.7757314350171,-10.1206548261715,-8.57885860324495
1375,-47.2739236716599,-13.3859270909436,-8.59908313043933
1376,-48.5099729774078,-15.1806605948919,-8.59515259900877
1377,-48.4644595126772,-9.29964857821839,-8.51932518091417
1378,-46.8064825350048,-10.113485353597,-8.53882153647663
1379,-46.6986878433634,-12.8243931096095,-8.69491296253479
1380,-47.6090851171501,-8.59702058373436,-8.49019571902546
1381,-46.8431545567307,-11.1704842577781,-8.62997685801526
1382,-48.2589052299551,-12.2660327015714,-8.54209413585055
1383,-50.6902179569043,-10.1147634920536,-8.63673218699191
1384,-50.2139787836276,-14.2746498792379,-8.59254746560531
1385,-50.278815185312,-16.3302948837504,-8.76378684053258
